"Date","Region","Station Name","Mode of Transport","Station Name","Utility","Sector","Capacity","Normative Stocks Required (In Days)","Daily Requirement","Actual Stock - Import","Actual Stock - Indigenous","Actual Stock - Total","Actual Stock - Days","Critical","Super Critical","Remarks"
2009-02-01,"NORTHERN","DELHI","RAIL","I.P.  T.P.S.","INDRAPRASTHA  POWER GENERATION COMPANY LIMITED","STATE",247.5,25,3.4,0,46.1,46.1,14,NA,NA,NA
2009-02-01,"NORTHERN","DELHI","RAIL","RAJGHAT TPS","INDRAPRASTHA  POWER GENERATION COMPANY LIMITED","STATE",135,25,2.3,0,75.3,75.3,32,NA,NA,NA
2009-02-01,"NORTHERN","DELHI","RAIL","BADARPUR TPS","NTPC LIMITED.","CENTRAL",705,30,14.8,0,95.06,95.06,6,"Critical",NA,"Less Receipt - CCL"
2009-02-01,"NORTHERN","HARYANA","RAIL","FARIDABAD TPS.","HARYANA POWER  GENERATION CORPORATION LIMITED","STATE",55,25,2.1,0,52.87,52.87,25,NA,NA,NA
2009-02-01,"NORTHERN","HARYANA","RAIL","PANIPAT TPS","HARYANA POWER  GENERATION CORPORATION LIMITED","STATE",1360,25,26.8,0,14.51,14.51,1,"Critical","Super Critical","Less Receipt - CCL"
2009-02-01,"NORTHERN","HARYANA","RAIL","YAMUNA NAGAR TPS","HARYANA POWER  GENERATION CORPORATION LIMITED","STATE",600,25,10.7,0,31.1,31.1,3,"Critical","Super Critical","Inadequate linkage"
2009-02-01,"NORTHERN","PUNJAB","RAIL","GH TPS (LEH.MOH.)","PUNJAB STATE POWER CORP. LTD.","STATE",920,30,15.5,0,43.61,43.61,3,"Critical","Super Critical","Inadequate linkage"
2009-02-01,"NORTHERN","PUNJAB","RAIL","GND TPS(BHATINDA)","PUNJAB STATE POWER CORP. LTD.","STATE",440,30,7,0,44.2,44.2,6,"Critical",NA,"Less Receipt - CCL"
2009-02-01,"NORTHERN","PUNJAB","RAIL","ROPAR TPS","PUNJAB STATE POWER CORP. LTD.","STATE",1260,30,22.1,0,90.74,90.74,4,"Critical",NA,"Inadequate linkage"
2009-02-01,"NORTHERN","RAJASTHAN","RAIL","KOTA TPS","RAJASTHAN RAJYA VIDYUT UTPADAN NIGAM LIMITED","STATE",1240,30,21.6,38.74,206.8,245.55,11,NA,NA,NA
2009-02-01,"NORTHERN","RAJASTHAN","RAIL","SURATGARH TPS","RAJASTHAN RAJYA VIDYUT UTPADAN NIGAM LIMITED","STATE",1500,30,27,0,138.95,138.95,5,"Critical",NA,"Inadequate linkage"
2009-02-01,"NORTHERN","UTTAR PRADESH","PITHEAD","ANPARA TPS","UTTAR PRADESH RAJYA VIDYUT UTPADAN NIGAM LIMITED","STATE",1630,15,28.6,0,124.64,124.64,4,"Critical",NA,"Inadequate linkage"
2009-02-01,"NORTHERN","UTTAR PRADESH","RAIL","HARDUAGANJ TPS","UTTAR PRADESH RAJYA VIDYUT UTPADAN NIGAM LIMITED","STATE",665,25,3.2,0,0,0,0,"Critical","Super Critical","Inadequate linkage"
2009-02-01,"NORTHERN","UTTAR PRADESH","RAIL","OBRA TPS","UTTAR PRADESH RAJYA VIDYUT UTPADAN NIGAM LIMITED","STATE",1278,20,16.1,0,103.39,103.39,6,"Critical",NA,"Inadequate linkage"
2009-02-01,"NORTHERN","UTTAR PRADESH","RAIL","PANKI TPS","UTTAR PRADESH RAJYA VIDYUT UTPADAN NIGAM LIMITED","STATE",210,30,4.3,0,9.53,9.53,2,"Critical","Super Critical","Inadequate linkage"
2009-02-01,"NORTHERN","UTTAR PRADESH","RAIL","PARICHHA TPS","UTTAR PRADESH RAJYA VIDYUT UTPADAN NIGAM LIMITED","STATE",1140,30,12.5,0,0,0,0,"Critical","Super Critical","Less receipt-CCL"
2009-02-01,"NORTHERN","UTTAR PRADESH","RAIL","DADRI (NCTPP)","NTPC LIMITED.","CENTRAL",1820,30,16.1,0,134.81,134.81,8,NA,NA,NA
2009-02-01,"NORTHERN","UTTAR PRADESH","PITHEAD","RIHAND STPS","NTPC LIMITED.","CENTRAL",3000,15,38.2,0,341.79,341.79,9,NA,NA,NA
2009-02-01,"NORTHERN","UTTAR PRADESH","PITHEAD","SINGRAULI STPS","NTPC LIMITED.","CENTRAL",2000,15,34.3,0,254,254,7,NA,NA,NA
2009-02-01,"NORTHERN","UTTAR PRADESH","RAIL","TANDA TPS","NTPC LIMITED.","CENTRAL",440,25,8.9,0,129.6,129.6,15,NA,NA,NA
2009-02-01,"NORTHERN","UTTAR PRADESH","RAIL","UNCHAHAR TPS","NTPC LIMITED.","CENTRAL",1050,25,21.4,0,110.75,110.75,5,"Critical",NA,"Less receipt-CCL"
2009-02-01,"WESTERN","CHHATTISGARH","RAIL","DSPM TPS","CHHATTISGARH STATE POWER GENERATION CO. LTD.","STATE",500,15,9.6,0,89.38,89.38,9,NA,NA,NA
2009-02-01,"WESTERN","CHHATTISGARH","PITHEAD","KORBA-II","CHHATTISGARH STATE POWER GENERATION CO. LTD.","STATE",440,15,8.6,0,92.04,92.04,11,NA,NA,NA
2009-02-01,"WESTERN","CHHATTISGARH","PITHEAD","KORBA-WEST TPS","CHHATTISGARH STATE POWER GENERATION CO. LTD.","STATE",1340,15,13.2,0,297.45,297.45,23,NA,NA,NA
2009-02-01,"WESTERN","CHHATTISGARH","PITHEAD","KORBA STPS","NTPC LIMITED.","CENTRAL",2600,15,34.3,0,527.01,527.01,15,NA,NA,NA
2009-02-01,"WESTERN","CHHATTISGARH","RAIL","SIPAT STPS","NTPC LIMITED.","CENTRAL",2980,20,16.8,0,30.12,30.12,2,"Critical","Super Critical","Less Receipt - SECL"
2009-02-01,"WESTERN","GUJARAT","RAIL","GANDHI NAGAR TPS","GUJARAT STATE ELECTRICITY CORPORATION LIMITED","STATE",870,30,13.6,0.1,45.9,46,3,"Critical","Super Critical","Less Receipt - SECL"
2009-02-01,"WESTERN","GUJARAT","RAIL","SIKKA REP. TPS","GUJARAT STATE ELECTRICITY CORPORATION LIMITED","STATE",240,30,4.6,31.57,40.01,71.58,15,NA,NA,NA
2009-02-01,"WESTERN","GUJARAT","RAIL","UKAI TPS","GUJARAT STATE ELECTRICITY CORPORATION LIMITED","STATE",1350,30,13.9,0,59.02,59.02,4,"Critical",NA,"Less Receipt - SECL"
2009-02-01,"WESTERN","GUJARAT","RAIL","WANAKBORI TPS","GUJARAT STATE ELECTRICITY CORPORATION LIMITED","STATE",1470,30,25.7,0,61,61,2,"Critical","Super Critical","Inadequate linkage"
2009-02-01,"WESTERN","GUJARAT","RAIL","SABARMATI (C STATION)","TORRENT POWER LTD","PRIVATE",400,30,4.6,0,18.13,18.13,4,"Critical",NA,"Inadequate linkage"
2009-02-01,"WESTERN","MADHYA PRADESH","PITHEAD","AMAR KANTAK","M. P. POWER GENERATING CORPORATION LIMITED","STATE",490,15,6.3,0,88.33,88.33,14,NA,NA,NA
2009-02-01,"WESTERN","MADHYA PRADESH","RAIL","SANJAY GANDHI TPS","M. P. POWER GENERATING CORPORATION LIMITED","STATE",1340,20,19.6,0,71.27,71.27,4,"Critical",NA,"Inadequate linkage"
2009-02-01,"WESTERN","MADHYA PRADESH","RAIL","SATPURA TPS","M. P. POWER GENERATING CORPORATION LIMITED","STATE",1330,20,22.5,0,42.66,42.66,2,"Critical","Super Critical","Less Receipt - WCL"
2009-02-01,"WESTERN","MADHYA PRADESH","PITHEAD","VINDHYACHAL STPS","NTPC LIMITED.","CENTRAL",4260,15,55.4,0,264.43,264.43,5,"Critical",NA,"Inadequate linkage"
2009-02-01,"WESTERN","MAHARASHTRA","RAIL","BHUSAWAL TPS","MAHARASHTRA STATE POWER GENERATION COMPANY LIMITED","STATE",1420,25,8.4,0,13.47,13.47,2,"Critical","Super Critical","Inadequate linkage"
2009-02-01,"WESTERN","MAHARASHTRA","RAIL","CHANDRAPUR(MAHARASHTRA) STPS","MAHARASHTRA STATE POWER GENERATION COMPANY LIMITED","STATE",2340,20,38.2,0,49.25,49.25,1,"Critical","Super Critical","Inadequate linkage"
2009-02-01,"WESTERN","MAHARASHTRA","RAIL","KHAPARKHEDA TPS","MAHARASHTRA STATE POWER GENERATION COMPANY LIMITED","STATE",1340,20,15.9,0,83.23,83.23,5,"Critical",NA,"Less Receipt"
2009-02-01,"WESTERN","MAHARASHTRA","RAIL","KORADI TPS","MAHARASHTRA STATE POWER GENERATION COMPANY LIMITED","STATE",1040,25,19.8,0,34.69,34.69,2,"Critical","Super Critical","Less Receipt -SECL"
2009-02-01,"WESTERN","MAHARASHTRA","RAIL","NASIK TPS","MAHARASHTRA STATE POWER GENERATION COMPANY LIMITED","STATE",630,25,15.5,0,28.24,28.24,2,"Critical","Super Critical","Inadequate linkage"
2009-02-01,"WESTERN","MAHARASHTRA","RAIL","PARLI TPS","MAHARASHTRA STATE POWER GENERATION COMPANY LIMITED","STATE",1130,25,16.1,0,160.23,160.23,10,NA,NA,NA
2009-02-01,"WESTERN","MAHARASHTRA","RAIL","PARAS TPS","MAHARASHTRA STATE POWER GENERATION COMPANY LIMITED","STATE",500,20,6.3,0,10.5,10.5,2,"Critical","Super Critical","Less Receipt"
2009-02-01,"WESTERN","MAHARASHTRA","RAIL","DAHANU TPS","RELIANCE INFRASTRUCTURE LTD.","PRIVATE",500,25,10.4,48.48,29.34,77.82,8,NA,NA,NA
2009-02-01,"SOUTHERN","ANDHRA PRADESH","RAIL","Dr. N.TATA RAO TPS","ANDHRA PRADESH POWER GENERATION CORP. LIMITED.","STATE",1760,25,22,0,121.39,121.39,6,"Critical",NA,"Inadequate linkage"
2009-02-01,"SOUTHERN","ANDHRA PRADESH","RAIL","KOTHAGUDEM TPS","ANDHRA PRADESH POWER GENERATION CORP. LIMITED.","STATE",1720,20,21.4,0,190.75,190.75,9,NA,NA,NA
2009-02-01,"SOUTHERN","ANDHRA PRADESH","ROAD","RAMAGUNDEM - B TPS","ANDHRA PRADESH POWER GENERATION CORP. LIMITED.","STATE",62.5,20,0.9,0,16.76,16.76,19,NA,NA,NA
2009-02-01,"SOUTHERN","ANDHRA PRADESH","RAIL","RAYALASEEMA TPS","ANDHRA PRADESH POWER GENERATION CORP. LIMITED.","STATE",1050,25,16.9,0,83.49,83.49,5,"Critical",NA,"Inadequate linkage"
2009-02-01,"SOUTHERN","ANDHRA PRADESH","PITHEAD","RAMAGUNDEM STPS","NTPC LIMITED.","CENTRAL",2600,15,42,0,502.98,502.98,12,NA,NA,NA
2009-02-01,"SOUTHERN","ANDHRA PRADESH","RAIL","SIMHADRI","NTPC LIMITED.","CENTRAL",2000,25,20.7,0,189.8,189.8,9,NA,NA,NA
2009-02-01,"SOUTHERN","KARNATAKA","RAIL","RAICHUR TPS","KARNATAKA POWER CORPORATION LIMITED","STATE",1720,30,31,0,528.54,528.54,17,NA,NA,NA
2009-02-01,"SOUTHERN","TAMIL NADU","INTER MODAL","ENNORE TPS","TAMIL NADU GENERATION & DISTRIBUTION CORP. LTD.","STATE",450,30,8.2,0,26.52,26.52,3,"Critical","Super Critical","Less Receipt -MCL"
2009-02-01,"SOUTHERN","TAMIL NADU","INTER MODAL","METTUR TPS","TAMIL NADU GENERATION & DISTRIBUTION CORP. LTD.","STATE",1440,30,15.1,36.14,47.06,83.2,6,"Critical",NA,"Less Receipt"
2009-02-01,"SOUTHERN","TAMIL NADU","INTER MODAL","NORTH CHENNAI TPS","TAMIL NADU GENERATION & DISTRIBUTION CORP. LTD.","STATE",1830,30,11.2,50.59,23.44,74.03,7,NA,NA,NA
2009-02-01,"SOUTHERN","TAMIL NADU","INTER MODAL","TUTICORIN TPS","TAMIL NADU GENERATION & DISTRIBUTION CORP. LTD.","STATE",1050,30,18.7,48.44,67.02,115.46,6,"Critical",NA,"Less Receipt -MCL"
2009-02-01,"EASTERN","BIHAR","RAIL","BARAUNI TPS","BIHAR STATE ELECTRICITY BOARD","STATE",210,20,0.7,0,21.73,21.73,30,NA,NA,NA
2009-02-01,"EASTERN","BIHAR","RAIL","MUZAFFARPUR TPS","KANTI BIJLEE UTPADAN NIGAM LTD.","CENTRAL",220,20,1.1,0,8,8,7,NA,NA,NA
2009-02-01,"EASTERN","BIHAR","PITHEAD","KAHALGAON TPS","NTPC LIMITED.","CENTRAL",2340,15,38.4,0,0,0,0,"Critical","Super Critical","Less Receipt - ECL"
2009-02-01,"EASTERN","JHARKHAND","RAIL","PATRATU TPS","JHARKHAND STATE ELECTRICITY BOARD","STATE",770,20,5,0,35.23,35.23,7,NA,NA,NA
2009-02-01,"EASTERN","JHARKHAND","ROAD","TENUGHAT TPS","TENUGHAT VIDYUT NIGAM LIMITED","STATE",420,20,6.1,0,10,10,2,"Critical","Super Critical","Less Receipt"
2009-02-01,"EASTERN","JHARKHAND","RAIL","BOKARO `B` TPS","DAMODAR VALLEY CORPORATION","CENTRAL",630,20,9.5,0,109.61,109.61,12,NA,NA,NA
2009-02-01,"EASTERN","JHARKHAND","RAIL","CHANDRAPURA(DVC) TPS","DAMODAR VALLEY CORPORATION","CENTRAL",890,20,6.3,0,75,75,12,NA,NA,NA
2009-02-01,"EASTERN","ORISSA","PITHEAD","IB VALLEY TPS","ORISSA POWER GENERATION CORPORATION LIMITED","STATE",420,15,9.5,0,167.08,167.08,18,NA,NA,NA
2009-02-01,"EASTERN","ORISSA","PITHEAD","TALCHER (OLD) TPS","NTPC LIMITED.","CENTRAL",470,15,8.9,0,58.93,58.93,7,NA,NA,NA
2009-02-01,"EASTERN","ORISSA","PITHEAD","TALCHER STPS","NTPC LIMITED.","CENTRAL",3000,15,64.3,0,126.72,126.72,2,"Critical","Super Critical","Inadequate linkage"
2009-02-01,"EASTERN","WEST BENGAL","RAIL","DURGAPUR TPS","DAMODAR VALLEY CORPORATION","CENTRAL",340,20,5.7,0,170.56,170.56,30,NA,NA,NA
2009-02-01,"EASTERN","WEST BENGAL","RAIL","MEJIA TPS","DAMODAR VALLEY CORPORATION","CENTRAL",2340,20,24.3,0,0.03,0.03,0,"Critical","Super Critical","Unloading Constraint"
2009-02-01,"EASTERN","WEST BENGAL","RAIL","BAKRESWAR TPS","WEST BENGAL POWER DEVELOPMENT CORP. LIMITED","STATE",1050,25,12.5,0,147.73,147.73,12,NA,NA,NA
2009-02-01,"EASTERN","WEST BENGAL","RAIL","BANDEL TPS","WEST BENGAL POWER DEVELOPMENT CORP. LIMITED","STATE",450,20,5.7,0,4.2,4.2,1,"Critical","Super Critical","Inadequate linkage"
2009-02-01,"EASTERN","WEST BENGAL","RAIL","D.P.L. TPS","DURGAPUR PROJECTS LIMITED","STATE",630,20,10.7,0,37.03,37.03,3,"Critical","Super Critical","Less receipt - EMTA"
2009-02-01,"EASTERN","WEST BENGAL","RAIL","KOLAGHAT TPS","WEST BENGAL POWER DEVELOPMENT CORP. LIMITED","STATE",1260,25,21.3,0,252.63,252.63,12,NA,NA,NA
2009-02-01,"EASTERN","WEST BENGAL","RAIL","SAGARDIGHI TPS","WEST BENGAL POWER DEVELOPMENT CORP. LIMITED","STATE",600,20,7.9,0,3.81,3.81,0,"Critical","Super Critical","Inadequate linkage"
2009-02-01,"EASTERN","WEST BENGAL","RAIL","SANTALDIH TPS","WEST BENGAL POWER DEVELOPMENT CORP. LIMITED","STATE",980,20,8.2,0,93.73,93.73,11,NA,NA,NA
2009-02-01,"EASTERN","WEST BENGAL","RAIL","BUDGE BUDGE TPS","CALCUTTA ELECTRIC SUPPLY CO. LTD.","PRIVATE",750,20,7.9,0,99.88,99.88,13,NA,NA,NA
2009-02-01,"EASTERN","WEST BENGAL","RAIL","NEW COSSIPORE TPS","CALCUTTA ELECTRIC SUPPLY CO. LTD.","PRIVATE",160,20,1.4,0,18.95,18.95,13,NA,NA,NA
2009-02-01,"EASTERN","WEST BENGAL","RAIL","SOUTHERN REPL. TPS","CALCUTTA ELECTRIC SUPPLY CO. LTD.","PRIVATE",135,25,2.5,0,39.54,39.54,16,NA,NA,NA
2009-02-01,"EASTERN","WEST BENGAL","RAIL","TITAGARH TPS","CALCUTTA ELECTRIC SUPPLY CO. LTD.","PRIVATE",240,20,3.9,0,56.66,56.66,14,NA,NA,NA
2009-02-01,"EASTERN","WEST BENGAL","RAIL","FARAKKA STPS","NTPC LIMITED.","CENTRAL",2100,15,37.5,0,47.28,47.28,1,"Critical","Super Critical","Less Receipt - ECL"
2009-02-02,"NORTHERN","DELHI","RAIL","I.P.  T.P.S.","INDRAPRASTHA  POWER GENERATION COMPANY LIMITED","STATE",247.5,25,3.4,0,46.11,46.11,14,NA,NA,NA
2009-02-02,"NORTHERN","DELHI","RAIL","RAJGHAT TPS","INDRAPRASTHA  POWER GENERATION COMPANY LIMITED","STATE",135,25,2.3,0,73.77,73.77,32,NA,NA,NA
2009-02-02,"NORTHERN","DELHI","RAIL","BADARPUR TPS","NTPC LIMITED.","CENTRAL",705,30,14.8,0,88.8,88.8,6,"Critical",NA,"Less Receipt - CCL"
2009-02-02,"NORTHERN","HARYANA","RAIL","FARIDABAD TPS.","HARYANA POWER  GENERATION CORPORATION LIMITED","STATE",55,25,2.1,0,50.85,50.85,24,NA,NA,NA
2009-02-02,"NORTHERN","HARYANA","RAIL","PANIPAT TPS","HARYANA POWER  GENERATION CORPORATION LIMITED","STATE",1360,25,26.8,0,10.3,10.3,0,"Critical","Super Critical","Less Receipt - CCL"
2009-02-02,"NORTHERN","HARYANA","RAIL","YAMUNA NAGAR TPS","HARYANA POWER  GENERATION CORPORATION LIMITED","STATE",600,25,10.7,0,34.74,34.74,3,"Critical","Super Critical","Inadequate linkage"
2009-02-02,"NORTHERN","PUNJAB","RAIL","GH TPS (LEH.MOH.)","PUNJAB STATE POWER CORP. LTD.","STATE",920,30,15.5,0,44.88,44.88,3,"Critical","Super Critical","Inadequate linkage"
2009-02-02,"NORTHERN","PUNJAB","RAIL","GND TPS(BHATINDA)","PUNJAB STATE POWER CORP. LTD.","STATE",440,30,7,0,48.17,48.17,7,NA,NA,NA
2009-02-02,"NORTHERN","PUNJAB","RAIL","ROPAR TPS","PUNJAB STATE POWER CORP. LTD.","STATE",1260,30,22.1,0,85.63,85.63,4,"Critical",NA,"Inadequate linkage"
2009-02-02,"NORTHERN","RAJASTHAN","RAIL","KOTA TPS","RAJASTHAN RAJYA VIDYUT UTPADAN NIGAM LIMITED","STATE",1240,30,21.6,38.74,206.8,245.55,11,NA,NA,NA
2009-02-02,"NORTHERN","RAJASTHAN","RAIL","SURATGARH TPS","RAJASTHAN RAJYA VIDYUT UTPADAN NIGAM LIMITED","STATE",1500,30,27,0,142.71,142.71,5,"Critical",NA,"Inadequate linkage"
2009-02-02,"NORTHERN","UTTAR PRADESH","PITHEAD","ANPARA TPS","UTTAR PRADESH RAJYA VIDYUT UTPADAN NIGAM LIMITED","STATE",1630,15,28.6,0,129.62,129.62,5,"Critical",NA,"Inadequate linkage"
2009-02-02,"NORTHERN","UTTAR PRADESH","RAIL","HARDUAGANJ TPS","UTTAR PRADESH RAJYA VIDYUT UTPADAN NIGAM LIMITED","STATE",665,25,3.2,0,1.92,1.92,1,"Critical","Super Critical","Inadequate linkage"
2009-02-02,"NORTHERN","UTTAR PRADESH","RAIL","OBRA TPS","UTTAR PRADESH RAJYA VIDYUT UTPADAN NIGAM LIMITED","STATE",1278,20,16.1,0,102.25,102.25,6,"Critical",NA,"Inadequate linkage"
2009-02-02,"NORTHERN","UTTAR PRADESH","RAIL","PANKI TPS","UTTAR PRADESH RAJYA VIDYUT UTPADAN NIGAM LIMITED","STATE",210,30,4.3,0,5.44,5.44,1,"Critical","Super Critical","Inadequate linkage"
2009-02-02,"NORTHERN","UTTAR PRADESH","RAIL","PARICHHA TPS","UTTAR PRADESH RAJYA VIDYUT UTPADAN NIGAM LIMITED","STATE",1140,30,12.5,0,1.36,1.36,0,"Critical","Super Critical","Less receipt-CCL"
2009-02-02,"NORTHERN","UTTAR PRADESH","RAIL","DADRI (NCTPP)","NTPC LIMITED.","CENTRAL",1820,30,16.1,0,130.91,130.91,8,NA,NA,NA
2009-02-02,"NORTHERN","UTTAR PRADESH","PITHEAD","RIHAND STPS","NTPC LIMITED.","CENTRAL",3000,15,38.2,0,358.24,358.24,9,NA,NA,NA
2009-02-02,"NORTHERN","UTTAR PRADESH","PITHEAD","SINGRAULI STPS","NTPC LIMITED.","CENTRAL",2000,15,34.3,0,262.41,262.41,8,NA,NA,NA
2009-02-02,"NORTHERN","UTTAR PRADESH","RAIL","TANDA TPS","NTPC LIMITED.","CENTRAL",440,25,8.9,0,132.54,132.54,15,NA,NA,NA
2009-02-02,"NORTHERN","UTTAR PRADESH","RAIL","UNCHAHAR TPS","NTPC LIMITED.","CENTRAL",1050,25,21.4,0,123.37,123.37,6,"Critical",NA,"Less receipt-CCL"
2009-02-02,"WESTERN","CHHATTISGARH","RAIL","DSPM TPS","CHHATTISGARH STATE POWER GENERATION CO. LTD.","STATE",500,15,9.6,0,88,88,9,NA,NA,NA
2009-02-02,"WESTERN","CHHATTISGARH","PITHEAD","KORBA-II","CHHATTISGARH STATE POWER GENERATION CO. LTD.","STATE",440,15,8.6,0,98.59,98.59,12,NA,NA,NA
2009-02-02,"WESTERN","CHHATTISGARH","PITHEAD","KORBA-WEST TPS","CHHATTISGARH STATE POWER GENERATION CO. LTD.","STATE",1340,15,13.2,0,295.69,295.69,22,NA,NA,NA
2009-02-02,"WESTERN","CHHATTISGARH","PITHEAD","KORBA STPS","NTPC LIMITED.","CENTRAL",2600,15,34.3,0,524.12,524.12,15,NA,NA,NA
2009-02-02,"WESTERN","CHHATTISGARH","RAIL","SIPAT STPS","NTPC LIMITED.","CENTRAL",2980,20,16.8,0,28.74,28.74,2,"Critical","Super Critical","Less Receipt - SECL"
2009-02-02,"WESTERN","GUJARAT","RAIL","GANDHI NAGAR TPS","GUJARAT STATE ELECTRICITY CORPORATION LIMITED","STATE",870,30,13.6,0.1,38.26,38.36,3,"Critical","Super Critical","Less Receipt - SECL"
2009-02-02,"WESTERN","GUJARAT","RAIL","SIKKA REP. TPS","GUJARAT STATE ELECTRICITY CORPORATION LIMITED","STATE",240,30,4.6,30.92,39.84,70.76,15,NA,NA,NA
2009-02-02,"WESTERN","GUJARAT","RAIL","UKAI TPS","GUJARAT STATE ELECTRICITY CORPORATION LIMITED","STATE",1350,30,13.9,0,62.85,62.85,5,"Critical",NA,"Less Receipt - SECL"
2009-02-02,"WESTERN","GUJARAT","RAIL","WANAKBORI TPS","GUJARAT STATE ELECTRICITY CORPORATION LIMITED","STATE",1470,30,25.7,0,65.19,65.19,3,"Critical","Super Critical","Inadequate linkage"
2009-02-02,"WESTERN","GUJARAT","RAIL","SABARMATI (C STATION)","TORRENT POWER LTD","PRIVATE",400,30,4.6,0,13.64,13.64,3,"Critical","Super Critical","Inadequate linkage"
2009-02-02,"WESTERN","MADHYA PRADESH","PITHEAD","AMAR KANTAK","M. P. POWER GENERATING CORPORATION LIMITED","STATE",490,15,6.3,0,88.29,88.29,14,NA,NA,NA
2009-02-02,"WESTERN","MADHYA PRADESH","RAIL","SANJAY GANDHI TPS","M. P. POWER GENERATING CORPORATION LIMITED","STATE",1340,20,19.6,0,63.8,63.8,3,"Critical","Super Critical","Inadequate linkage"
2009-02-02,"WESTERN","MADHYA PRADESH","RAIL","SATPURA TPS","M. P. POWER GENERATING CORPORATION LIMITED","STATE",1330,20,22.5,0,42.91,42.91,2,"Critical","Super Critical","Less Receipt - WCL"
2009-02-02,"WESTERN","MADHYA PRADESH","PITHEAD","VINDHYACHAL STPS","NTPC LIMITED.","CENTRAL",4260,15,55.4,0,263.44,263.44,5,"Critical",NA,"Inadequate linkage"
2009-02-02,"WESTERN","MAHARASHTRA","RAIL","BHUSAWAL TPS","MAHARASHTRA STATE POWER GENERATION COMPANY LIMITED","STATE",1420,25,8.4,0,11.43,11.43,1,"Critical","Super Critical","Inadequate linkage"
2009-02-02,"WESTERN","MAHARASHTRA","RAIL","CHANDRAPUR(MAHARASHTRA) STPS","MAHARASHTRA STATE POWER GENERATION COMPANY LIMITED","STATE",2340,20,38.2,0,44.84,44.84,1,"Critical","Super Critical","Inadequate linkage"
2009-02-02,"WESTERN","MAHARASHTRA","RAIL","KHAPARKHEDA TPS","MAHARASHTRA STATE POWER GENERATION COMPANY LIMITED","STATE",1340,20,15.9,0,85.04,85.04,5,"Critical",NA,"Less Receipt"
2009-02-02,"WESTERN","MAHARASHTRA","RAIL","KORADI TPS","MAHARASHTRA STATE POWER GENERATION COMPANY LIMITED","STATE",1040,25,19.8,0,36.68,36.68,2,"Critical","Super Critical","Less Receipt -SECL"
2009-02-02,"WESTERN","MAHARASHTRA","RAIL","NASIK TPS","MAHARASHTRA STATE POWER GENERATION COMPANY LIMITED","STATE",630,25,15.5,0,24.51,24.51,2,"Critical","Super Critical","Inadequate linkage"
2009-02-02,"WESTERN","MAHARASHTRA","RAIL","PARLI TPS","MAHARASHTRA STATE POWER GENERATION COMPANY LIMITED","STATE",1130,25,16.1,0,156.18,156.18,10,NA,NA,NA
2009-02-02,"WESTERN","MAHARASHTRA","RAIL","PARAS TPS","MAHARASHTRA STATE POWER GENERATION COMPANY LIMITED","STATE",500,20,6.3,0,13.09,13.09,2,"Critical","Super Critical","Less Receipt"
2009-02-02,"WESTERN","MAHARASHTRA","RAIL","DAHANU TPS","RELIANCE INFRASTRUCTURE LTD.","PRIVATE",500,25,10.4,45.85,32.27,78.12,8,NA,NA,NA
2009-02-02,"SOUTHERN","ANDHRA PRADESH","RAIL","Dr. N.TATA RAO TPS","ANDHRA PRADESH POWER GENERATION CORP. LIMITED.","STATE",1760,25,22,0,125.37,125.37,6,"Critical",NA,"Inadequate linkage"
2009-02-02,"SOUTHERN","ANDHRA PRADESH","RAIL","KOTHAGUDEM TPS","ANDHRA PRADESH POWER GENERATION CORP. LIMITED.","STATE",1720,20,21.4,0,185,185,9,NA,NA,NA
2009-02-02,"SOUTHERN","ANDHRA PRADESH","ROAD","RAMAGUNDEM - B TPS","ANDHRA PRADESH POWER GENERATION CORP. LIMITED.","STATE",62.5,20,0.9,0,17.2,17.2,19,NA,NA,NA
2009-02-02,"SOUTHERN","ANDHRA PRADESH","RAIL","RAYALASEEMA TPS","ANDHRA PRADESH POWER GENERATION CORP. LIMITED.","STATE",1050,25,16.9,0,79.84,79.84,5,"Critical",NA,"Inadequate linkage"
2009-02-02,"SOUTHERN","ANDHRA PRADESH","PITHEAD","RAMAGUNDEM STPS","NTPC LIMITED.","CENTRAL",2600,15,42,0,510.56,510.56,12,NA,NA,NA
2009-02-02,"SOUTHERN","ANDHRA PRADESH","RAIL","SIMHADRI","NTPC LIMITED.","CENTRAL",2000,25,20.7,0,194.75,194.75,9,NA,NA,NA
2009-02-02,"SOUTHERN","KARNATAKA","RAIL","RAICHUR TPS","KARNATAKA POWER CORPORATION LIMITED","STATE",1720,30,31,0,531.09,531.09,17,NA,NA,NA
2009-02-02,"SOUTHERN","TAMIL NADU","INTER MODAL","ENNORE TPS","TAMIL NADU GENERATION & DISTRIBUTION CORP. LTD.","STATE",450,30,8.2,0,28.67,28.67,3,"Critical","Super Critical","Less Receipt -MCL"
2009-02-02,"SOUTHERN","TAMIL NADU","INTER MODAL","METTUR TPS","TAMIL NADU GENERATION & DISTRIBUTION CORP. LTD.","STATE",1440,30,15.1,50.26,36.04,86.3,6,"Critical",NA,"Less Receipt"
2009-02-02,"SOUTHERN","TAMIL NADU","INTER MODAL","NORTH CHENNAI TPS","TAMIL NADU GENERATION & DISTRIBUTION CORP. LTD.","STATE",1830,30,11.2,49.05,40.94,89.99,8,NA,NA,NA
2009-02-02,"SOUTHERN","TAMIL NADU","INTER MODAL","TUTICORIN TPS","TAMIL NADU GENERATION & DISTRIBUTION CORP. LTD.","STATE",1050,30,18.7,51.64,65.58,117.21,6,"Critical",NA,"Less Receipt -MCL"
2009-02-02,"EASTERN","BIHAR","RAIL","BARAUNI TPS","BIHAR STATE ELECTRICITY BOARD","STATE",210,20,0.7,0,21.73,21.73,30,NA,NA,NA
2009-02-02,"EASTERN","BIHAR","RAIL","MUZAFFARPUR TPS","KANTI BIJLEE UTPADAN NIGAM LTD.","CENTRAL",220,20,1.1,0,8,8,7,NA,NA,NA
2009-02-02,"EASTERN","BIHAR","PITHEAD","KAHALGAON TPS","NTPC LIMITED.","CENTRAL",2340,15,38.4,0,0,0,0,"Critical","Super Critical","Less Receipt - ECL"
2009-02-02,"EASTERN","JHARKHAND","RAIL","PATRATU TPS","JHARKHAND STATE ELECTRICITY BOARD","STATE",770,20,5,0,31.94,31.94,6,"Critical",NA,"Inadequate linkage"
2009-02-02,"EASTERN","JHARKHAND","ROAD","TENUGHAT TPS","TENUGHAT VIDYUT NIGAM LIMITED","STATE",420,20,6.1,0,10,10,2,"Critical","Super Critical","Inadequate linkage"
2009-02-02,"EASTERN","JHARKHAND","RAIL","BOKARO `B` TPS","DAMODAR VALLEY CORPORATION","CENTRAL",630,20,9.5,0,110.85,110.85,12,NA,NA,NA
2009-02-02,"EASTERN","JHARKHAND","RAIL","CHANDRAPURA(DVC) TPS","DAMODAR VALLEY CORPORATION","CENTRAL",890,20,6.3,0,76.81,76.81,12,NA,NA,NA
2009-02-02,"EASTERN","ORISSA","PITHEAD","IB VALLEY TPS","ORISSA POWER GENERATION CORPORATION LIMITED","STATE",420,15,9.5,0,166.79,166.79,18,NA,NA,NA
2009-02-02,"EASTERN","ORISSA","PITHEAD","TALCHER (OLD) TPS","NTPC LIMITED.","CENTRAL",470,15,8.9,0,59.94,59.94,7,NA,NA,NA
2009-02-02,"EASTERN","ORISSA","PITHEAD","TALCHER STPS","NTPC LIMITED.","CENTRAL",3000,15,64.3,0,118.31,118.31,2,"Critical","Super Critical","Inadequate linkage"
2009-02-02,"EASTERN","WEST BENGAL","RAIL","DURGAPUR TPS","DAMODAR VALLEY CORPORATION","CENTRAL",340,20,5.7,0,173.76,173.76,30,NA,NA,NA
2009-02-02,"EASTERN","WEST BENGAL","RAIL","MEJIA TPS","DAMODAR VALLEY CORPORATION","CENTRAL",2340,20,24.3,0,0,0,0,"Critical","Super Critical","Unloading Constraint"
2009-02-02,"EASTERN","WEST BENGAL","RAIL","BAKRESWAR TPS","WEST BENGAL POWER DEVELOPMENT CORP. LIMITED","STATE",1050,25,12.5,0,157.27,157.27,13,NA,NA,NA
2009-02-02,"EASTERN","WEST BENGAL","RAIL","BANDEL TPS","WEST BENGAL POWER DEVELOPMENT CORP. LIMITED","STATE",450,20,5.7,0,0,0,0,"Critical","Super Critical","Inadequate linkage"
2009-02-02,"EASTERN","WEST BENGAL","RAIL","D.P.L. TPS","DURGAPUR PROJECTS LIMITED","STATE",630,20,10.7,0,38.86,38.86,4,"Critical",NA,"Less receipt - EMTA"
2009-02-02,"EASTERN","WEST BENGAL","RAIL","KOLAGHAT TPS","WEST BENGAL POWER DEVELOPMENT CORP. LIMITED","STATE",1260,25,21.3,0,252.06,252.06,12,NA,NA,NA
2009-02-02,"EASTERN","WEST BENGAL","RAIL","SAGARDIGHI TPS","WEST BENGAL POWER DEVELOPMENT CORP. LIMITED","STATE",600,20,7.9,0,2.61,2.61,0,"Critical","Super Critical","Inadequate linkage"
2009-02-02,"EASTERN","WEST BENGAL","RAIL","SANTALDIH TPS","WEST BENGAL POWER DEVELOPMENT CORP. LIMITED","STATE",980,20,8.2,0,103.64,103.64,13,NA,NA,NA
2009-02-02,"EASTERN","WEST BENGAL","RAIL","BUDGE BUDGE TPS","CALCUTTA ELECTRIC SUPPLY CO. LTD.","PRIVATE",750,20,7.9,0,100.39,100.39,13,NA,NA,NA
2009-02-02,"EASTERN","WEST BENGAL","RAIL","NEW COSSIPORE TPS","CALCUTTA ELECTRIC SUPPLY CO. LTD.","PRIVATE",160,20,1.4,0,17.7,17.7,12,NA,NA,NA
2009-02-02,"EASTERN","WEST BENGAL","RAIL","SOUTHERN REPL. TPS","CALCUTTA ELECTRIC SUPPLY CO. LTD.","PRIVATE",135,25,2.5,0,37.53,37.53,15,NA,NA,NA
2009-02-02,"EASTERN","WEST BENGAL","RAIL","TITAGARH TPS","CALCUTTA ELECTRIC SUPPLY CO. LTD.","PRIVATE",240,20,3.9,0,57.93,57.93,15,NA,NA,NA
2009-02-02,"EASTERN","WEST BENGAL","RAIL","FARAKKA STPS","NTPC LIMITED.","CENTRAL",2100,15,37.5,0,48.56,48.56,1,"Critical","Super Critical","Less Receipt - ECL"
2009-02-03,"NORTHERN","DELHI","RAIL","I.P.  T.P.S.","INDRAPRASTHA  POWER GENERATION COMPANY LIMITED","STATE",247.5,25,3.4,0,46.41,46.41,14,NA,NA,NA
2009-02-03,"NORTHERN","DELHI","RAIL","RAJGHAT TPS","INDRAPRASTHA  POWER GENERATION COMPANY LIMITED","STATE",135,25,2.3,0,75.08,75.08,32,NA,NA,NA
2009-02-03,"NORTHERN","DELHI","RAIL","BADARPUR TPS","NTPC LIMITED.","CENTRAL",705,30,14.8,0,79.06,79.06,5,"Critical",NA,"Less Receipt - CCL"
2009-02-03,"NORTHERN","HARYANA","RAIL","FARIDABAD TPS.","HARYANA POWER  GENERATION CORPORATION LIMITED","STATE",55,25,2.1,0,48.92,48.92,23,NA,NA,NA
2009-02-03,"NORTHERN","HARYANA","RAIL","PANIPAT TPS","HARYANA POWER  GENERATION CORPORATION LIMITED","STATE",1360,25,26.8,0,13.01,13.01,0,"Critical","Super Critical","Less Receipt - CCL"
2009-02-03,"NORTHERN","HARYANA","RAIL","YAMUNA NAGAR TPS","HARYANA POWER  GENERATION CORPORATION LIMITED","STATE",600,25,10.7,0,44.58,44.58,4,"Critical",NA,"Inadequate linkage"
2009-02-03,"NORTHERN","PUNJAB","RAIL","GH TPS (LEH.MOH.)","PUNJAB STATE POWER CORP. LTD.","STATE",920,30,15.5,0,45.2,45.2,3,"Critical","Super Critical","Inadequate linkage"
2009-02-03,"NORTHERN","PUNJAB","RAIL","GND TPS(BHATINDA)","PUNJAB STATE POWER CORP. LTD.","STATE",440,30,7,0,41.21,41.21,6,"Critical",NA,NA
2009-02-03,"NORTHERN","PUNJAB","RAIL","ROPAR TPS","PUNJAB STATE POWER CORP. LTD.","STATE",1260,30,22.1,0,86.29,86.29,4,"Critical",NA,"Inadequate linkage"
2009-02-03,"NORTHERN","RAJASTHAN","RAIL","KOTA TPS","RAJASTHAN RAJYA VIDYUT UTPADAN NIGAM LIMITED","STATE",1240,30,21.6,36.2,218.17,254.37,12,NA,NA,NA
2009-02-03,"NORTHERN","RAJASTHAN","RAIL","SURATGARH TPS","RAJASTHAN RAJYA VIDYUT UTPADAN NIGAM LIMITED","STATE",1500,30,27,0,139.44,139.44,5,"Critical",NA,"Inadequate linkage"
2009-02-03,"NORTHERN","UTTAR PRADESH","PITHEAD","ANPARA TPS","UTTAR PRADESH RAJYA VIDYUT UTPADAN NIGAM LIMITED","STATE",1630,15,28.6,0,132.53,132.53,5,"Critical",NA,"Inadequate linkage"
2009-02-03,"NORTHERN","UTTAR PRADESH","RAIL","HARDUAGANJ TPS","UTTAR PRADESH RAJYA VIDYUT UTPADAN NIGAM LIMITED","STATE",665,25,3.2,0,4.97,4.97,2,"Critical","Super Critical","Inadequate linkage"
2009-02-03,"NORTHERN","UTTAR PRADESH","RAIL","OBRA TPS","UTTAR PRADESH RAJYA VIDYUT UTPADAN NIGAM LIMITED","STATE",1278,20,16.1,0,107.2,107.2,7,NA,NA,NA
2009-02-03,"NORTHERN","UTTAR PRADESH","RAIL","PANKI TPS","UTTAR PRADESH RAJYA VIDYUT UTPADAN NIGAM LIMITED","STATE",210,30,4.3,0,8.15,8.15,2,"Critical","Super Critical","Inadequate linkage"
2009-02-03,"NORTHERN","UTTAR PRADESH","RAIL","PARICHHA TPS","UTTAR PRADESH RAJYA VIDYUT UTPADAN NIGAM LIMITED","STATE",1140,30,12.5,0,0,0,0,"Critical","Super Critical","Less receipt-CCL"
2009-02-03,"NORTHERN","UTTAR PRADESH","RAIL","DADRI (NCTPP)","NTPC LIMITED.","CENTRAL",1820,30,16.1,0,121.85,121.85,8,NA,NA,NA
2009-02-03,"NORTHERN","UTTAR PRADESH","PITHEAD","RIHAND STPS","NTPC LIMITED.","CENTRAL",3000,15,38.2,0,362.6,362.6,9,NA,NA,NA
2009-02-03,"NORTHERN","UTTAR PRADESH","PITHEAD","SINGRAULI STPS","NTPC LIMITED.","CENTRAL",2000,15,34.3,0,273.32,273.32,8,NA,NA,NA
2009-02-03,"NORTHERN","UTTAR PRADESH","RAIL","TANDA TPS","NTPC LIMITED.","CENTRAL",440,25,8.9,0,131.85,131.85,15,NA,NA,NA
2009-02-03,"NORTHERN","UTTAR PRADESH","RAIL","UNCHAHAR TPS","NTPC LIMITED.","CENTRAL",1050,25,21.4,0,118.48,118.48,6,"Critical",NA,"Less receipt-CCL"
2009-02-03,"WESTERN","CHHATTISGARH","RAIL","DSPM TPS","CHHATTISGARH STATE POWER GENERATION CO. LTD.","STATE",500,15,9.6,0,87.4,87.4,9,NA,NA,NA
2009-02-03,"WESTERN","CHHATTISGARH","PITHEAD","KORBA-II","CHHATTISGARH STATE POWER GENERATION CO. LTD.","STATE",440,15,8.6,0,100.4,100.4,12,NA,NA,NA
2009-02-03,"WESTERN","CHHATTISGARH","PITHEAD","KORBA-WEST TPS","CHHATTISGARH STATE POWER GENERATION CO. LTD.","STATE",1340,15,13.2,0,290.78,290.78,22,NA,NA,NA
2009-02-03,"WESTERN","CHHATTISGARH","PITHEAD","KORBA STPS","NTPC LIMITED.","CENTRAL",2600,15,34.3,0,518.65,518.65,15,NA,NA,NA
2009-02-03,"WESTERN","CHHATTISGARH","RAIL","SIPAT STPS","NTPC LIMITED.","CENTRAL",2980,20,16.8,0,26.22,26.22,2,"Critical","Super Critical","Less Receipt - SECL"
2009-02-03,"WESTERN","GUJARAT","RAIL","GANDHI NAGAR TPS","GUJARAT STATE ELECTRICITY CORPORATION LIMITED","STATE",870,30,13.6,0.1,33.5,33.6,2,"Critical","Super Critical","Less Receipt - SECL"
2009-02-03,"WESTERN","GUJARAT","RAIL","SIKKA REP. TPS","GUJARAT STATE ELECTRICITY CORPORATION LIMITED","STATE",240,30,4.6,30.25,41.8,72.05,16,NA,NA,NA
2009-02-03,"WESTERN","GUJARAT","RAIL","UKAI TPS","GUJARAT STATE ELECTRICITY CORPORATION LIMITED","STATE",1350,30,13.9,0,61.95,61.95,4,"Critical",NA,"Less Receipt - SECL"
2009-02-03,"WESTERN","GUJARAT","RAIL","WANAKBORI TPS","GUJARAT STATE ELECTRICITY CORPORATION LIMITED","STATE",1470,30,25.7,0,60.31,60.31,2,"Critical","Super Critical","Inadequate linkage"
2009-02-03,"WESTERN","GUJARAT","RAIL","SABARMATI (C STATION)","TORRENT POWER LTD","PRIVATE",400,30,4.6,0,12.63,12.63,3,"Critical","Super Critical","Inadequate linkage"
2009-02-03,"WESTERN","MADHYA PRADESH","PITHEAD","AMAR KANTAK","M. P. POWER GENERATING CORPORATION LIMITED","STATE",490,15,6.3,0,89.97,89.97,14,NA,NA,NA
2009-02-03,"WESTERN","MADHYA PRADESH","RAIL","SANJAY GANDHI TPS","M. P. POWER GENERATING CORPORATION LIMITED","STATE",1340,20,19.6,0,64.68,64.68,3,"Critical","Super Critical","Inadequate linkage"
2009-02-03,"WESTERN","MADHYA PRADESH","RAIL","SATPURA TPS","M. P. POWER GENERATING CORPORATION LIMITED","STATE",1330,20,22.5,0,42.89,42.89,2,"Critical","Super Critical","Less Receipt - WCL"
2009-02-03,"WESTERN","MADHYA PRADESH","PITHEAD","VINDHYACHAL STPS","NTPC LIMITED.","CENTRAL",4260,15,55.4,0,258.07,258.07,5,"Critical",NA,"Inadequate linkage"
2009-02-03,"WESTERN","MAHARASHTRA","RAIL","BHUSAWAL TPS","MAHARASHTRA STATE POWER GENERATION COMPANY LIMITED","STATE",1420,25,8.4,0,13.46,13.46,2,"Critical","Super Critical","Inadequate linkage"
2009-02-03,"WESTERN","MAHARASHTRA","RAIL","CHANDRAPUR(MAHARASHTRA) STPS","MAHARASHTRA STATE POWER GENERATION COMPANY LIMITED","STATE",2340,20,38.2,0,42.26,42.26,1,"Critical","Super Critical","Inadequate linkage"
2009-02-03,"WESTERN","MAHARASHTRA","RAIL","KHAPARKHEDA TPS","MAHARASHTRA STATE POWER GENERATION COMPANY LIMITED","STATE",1340,20,15.9,0,84.1,84.1,5,"Critical",NA,"Less Receipt"
2009-02-03,"WESTERN","MAHARASHTRA","RAIL","KORADI TPS","MAHARASHTRA STATE POWER GENERATION COMPANY LIMITED","STATE",1040,25,19.8,0,38.29,38.29,2,"Critical","Super Critical","Less Receipt -SECL"
2009-02-03,"WESTERN","MAHARASHTRA","RAIL","NASIK TPS","MAHARASHTRA STATE POWER GENERATION COMPANY LIMITED","STATE",630,25,15.5,0,28.59,28.59,2,"Critical","Super Critical","Inadequate linkage"
2009-02-03,"WESTERN","MAHARASHTRA","RAIL","PARLI TPS","MAHARASHTRA STATE POWER GENERATION COMPANY LIMITED","STATE",1130,25,16.1,0,146.15,146.15,9,NA,NA,NA
2009-02-03,"WESTERN","MAHARASHTRA","RAIL","PARAS TPS","MAHARASHTRA STATE POWER GENERATION COMPANY LIMITED","STATE",500,20,6.3,0,18.8,18.8,3,"Critical","Super Critical","Less Receipt"
2009-02-03,"WESTERN","MAHARASHTRA","RAIL","DAHANU TPS","RELIANCE INFRASTRUCTURE LTD.","PRIVATE",500,25,10.4,43.48,34.57,78.05,8,NA,NA,NA
2009-02-03,"SOUTHERN","ANDHRA PRADESH","RAIL","Dr. N.TATA RAO TPS","ANDHRA PRADESH POWER GENERATION CORP. LIMITED.","STATE",1760,25,22,0,125.46,125.46,6,"Critical",NA,"Inadequate linkage"
2009-02-03,"SOUTHERN","ANDHRA PRADESH","RAIL","KOTHAGUDEM TPS","ANDHRA PRADESH POWER GENERATION CORP. LIMITED.","STATE",1720,20,21.4,0,179.21,179.21,8,NA,NA,NA
2009-02-03,"SOUTHERN","ANDHRA PRADESH","ROAD","RAMAGUNDEM - B TPS","ANDHRA PRADESH POWER GENERATION CORP. LIMITED.","STATE",62.5,20,0.9,0,17.46,17.46,20,NA,NA,NA
2009-02-03,"SOUTHERN","ANDHRA PRADESH","RAIL","RAYALASEEMA TPS","ANDHRA PRADESH POWER GENERATION CORP. LIMITED.","STATE",1050,25,16.9,0,70.18,70.18,4,"Critical",NA,"Inadequate linkage"
2009-02-03,"SOUTHERN","ANDHRA PRADESH","PITHEAD","RAMAGUNDEM STPS","NTPC LIMITED.","CENTRAL",2600,15,42,0,504.44,504.44,12,NA,NA,NA
2009-02-03,"SOUTHERN","ANDHRA PRADESH","RAIL","SIMHADRI","NTPC LIMITED.","CENTRAL",2000,25,20.7,0,193.22,193.22,9,NA,NA,NA
2009-02-03,"SOUTHERN","KARNATAKA","RAIL","RAICHUR TPS","KARNATAKA POWER CORPORATION LIMITED","STATE",1720,30,31,0,532.16,532.16,17,NA,NA,NA
2009-02-03,"SOUTHERN","TAMIL NADU","INTER MODAL","ENNORE TPS","TAMIL NADU GENERATION & DISTRIBUTION CORP. LTD.","STATE",450,30,8.2,0,27.37,27.37,3,"Critical","Super Critical","Less Receipt -MCL"
2009-02-03,"SOUTHERN","TAMIL NADU","INTER MODAL","METTUR TPS","TAMIL NADU GENERATION & DISTRIBUTION CORP. LTD.","STATE",1440,30,15.1,48.09,38.13,86.22,6,"Critical",NA,"Less Receipt"
2009-02-03,"SOUTHERN","TAMIL NADU","INTER MODAL","NORTH CHENNAI TPS","TAMIL NADU GENERATION & DISTRIBUTION CORP. LTD.","STATE",1830,30,11.2,47.46,53.6,101.05,9,NA,NA,NA
2009-02-03,"SOUTHERN","TAMIL NADU","INTER MODAL","TUTICORIN TPS","TAMIL NADU GENERATION & DISTRIBUTION CORP. LTD.","STATE",1050,30,18.7,48.07,75.58,123.65,7,NA,NA,NA
2009-02-03,"EASTERN","BIHAR","RAIL","BARAUNI TPS","BIHAR STATE ELECTRICITY BOARD","STATE",210,20,0.7,0,21.69,21.69,30,NA,NA,NA
2009-02-03,"EASTERN","BIHAR","RAIL","MUZAFFARPUR TPS","KANTI BIJLEE UTPADAN NIGAM LTD.","CENTRAL",220,20,1.1,0,8,8,7,NA,NA,NA
2009-02-03,"EASTERN","BIHAR","PITHEAD","KAHALGAON TPS","NTPC LIMITED.","CENTRAL",2340,15,38.4,0,0,0,0,"Critical","Super Critical","Less Receipt - ECL"
2009-02-03,"EASTERN","JHARKHAND","RAIL","PATRATU TPS","JHARKHAND STATE ELECTRICITY BOARD","STATE",770,20,5,0,29.47,29.47,6,"Critical",NA,"Less Receipt"
2009-02-03,"EASTERN","JHARKHAND","ROAD","TENUGHAT TPS","TENUGHAT VIDYUT NIGAM LIMITED","STATE",420,20,6.1,0,10,10,2,"Critical","Super Critical","Inadequate linkage"
2009-02-03,"EASTERN","JHARKHAND","RAIL","BOKARO `B` TPS","DAMODAR VALLEY CORPORATION","CENTRAL",630,20,9.5,0,112.88,112.88,12,NA,NA,NA
2009-02-03,"EASTERN","JHARKHAND","RAIL","CHANDRAPURA(DVC) TPS","DAMODAR VALLEY CORPORATION","CENTRAL",890,20,6.3,0,78.52,78.52,13,NA,NA,NA
2009-02-03,"EASTERN","ORISSA","PITHEAD","IB VALLEY TPS","ORISSA POWER GENERATION CORPORATION LIMITED","STATE",420,15,9.5,0,169.74,169.74,18,NA,NA,NA
2009-02-03,"EASTERN","ORISSA","PITHEAD","TALCHER (OLD) TPS","NTPC LIMITED.","CENTRAL",470,15,8.9,0,56.94,56.94,6,"Critical",NA,"Inadequate linkage"
2009-02-03,"EASTERN","ORISSA","PITHEAD","TALCHER STPS","NTPC LIMITED.","CENTRAL",3000,15,64.3,0,126.25,126.25,2,"Critical","Super Critical","Inadequate linkage"
2009-02-03,"EASTERN","WEST BENGAL","RAIL","DURGAPUR TPS","DAMODAR VALLEY CORPORATION","CENTRAL",340,20,5.7,0,172.97,172.97,30,NA,NA,NA
2009-02-03,"EASTERN","WEST BENGAL","RAIL","MEJIA TPS","DAMODAR VALLEY CORPORATION","CENTRAL",2340,20,24.3,0,0,0,0,"Critical","Super Critical","Unloading Constraint"
2009-02-03,"EASTERN","WEST BENGAL","RAIL","BAKRESWAR TPS","WEST BENGAL POWER DEVELOPMENT CORP. LIMITED","STATE",1050,25,12.5,0,166.47,166.47,13,NA,NA,NA
2009-02-03,"EASTERN","WEST BENGAL","RAIL","BANDEL TPS","WEST BENGAL POWER DEVELOPMENT CORP. LIMITED","STATE",450,20,5.7,0,2.72,2.72,0,"Critical","Super Critical","Inadequate linkage"
2009-02-03,"EASTERN","WEST BENGAL","RAIL","D.P.L. TPS","DURGAPUR PROJECTS LIMITED","STATE",630,20,10.7,0,44.96,44.96,4,"Critical",NA,"Less receipt - EMTA"
2009-02-03,"EASTERN","WEST BENGAL","RAIL","KOLAGHAT TPS","WEST BENGAL POWER DEVELOPMENT CORP. LIMITED","STATE",1260,25,21.3,0,248.13,248.13,12,NA,NA,NA
2009-02-03,"EASTERN","WEST BENGAL","RAIL","SAGARDIGHI TPS","WEST BENGAL POWER DEVELOPMENT CORP. LIMITED","STATE",600,20,7.9,0,0,0,0,"Critical","Super Critical","Inadequate linkage"
2009-02-03,"EASTERN","WEST BENGAL","RAIL","SANTALDIH TPS","WEST BENGAL POWER DEVELOPMENT CORP. LIMITED","STATE",980,20,8.2,0,107.89,107.89,13,NA,NA,NA
2009-02-03,"EASTERN","WEST BENGAL","RAIL","BUDGE BUDGE TPS","CALCUTTA ELECTRIC SUPPLY CO. LTD.","PRIVATE",750,20,7.9,0,97.44,97.44,12,NA,NA,NA
2009-02-03,"EASTERN","WEST BENGAL","RAIL","NEW COSSIPORE TPS","CALCUTTA ELECTRIC SUPPLY CO. LTD.","PRIVATE",160,20,1.4,0,20.21,20.21,14,NA,NA,NA
2009-02-03,"EASTERN","WEST BENGAL","RAIL","SOUTHERN REPL. TPS","CALCUTTA ELECTRIC SUPPLY CO. LTD.","PRIVATE",135,25,2.5,0,43.07,43.07,17,NA,NA,NA
2009-02-03,"EASTERN","WEST BENGAL","RAIL","TITAGARH TPS","CALCUTTA ELECTRIC SUPPLY CO. LTD.","PRIVATE",240,20,3.9,0,59.13,59.13,15,NA,NA,NA
2009-02-03,"EASTERN","WEST BENGAL","RAIL","FARAKKA STPS","NTPC LIMITED.","CENTRAL",2100,15,37.5,0,49.3,49.3,1,"Critical","Super Critical","Less Receipt - ECL"
2009-02-04,"NORTHERN","DELHI","RAIL","I.P.  T.P.S.","INDRAPRASTHA  POWER GENERATION COMPANY LIMITED","STATE",247.5,25,3.4,0,45.29,45.29,13,NA,NA,NA
2009-02-04,"NORTHERN","DELHI","RAIL","RAJGHAT TPS","INDRAPRASTHA  POWER GENERATION COMPANY LIMITED","STATE",135,25,2.3,0,75.91,75.91,33,NA,NA,NA
2009-02-04,"NORTHERN","DELHI","RAIL","BADARPUR TPS","NTPC LIMITED.","CENTRAL",705,30,14.8,0,81.74,81.74,6,"Critical",NA,"Less Receipt - CCL"
2009-02-04,"NORTHERN","HARYANA","RAIL","FARIDABAD TPS.","HARYANA POWER  GENERATION CORPORATION LIMITED","STATE",55,25,2.1,0,50.32,50.32,23,NA,NA,NA
2009-02-04,"NORTHERN","HARYANA","RAIL","PANIPAT TPS","HARYANA POWER  GENERATION CORPORATION LIMITED","STATE",1360,25,26.8,0,19.19,19.19,1,"Critical","Super Critical","Less Receipt - CCL"
2009-02-04,"NORTHERN","HARYANA","RAIL","YAMUNA NAGAR TPS","HARYANA POWER  GENERATION CORPORATION LIMITED","STATE",600,25,10.7,0,44.02,44.02,4,"Critical",NA,"Inadequate linkage"
2009-02-04,"NORTHERN","PUNJAB","RAIL","GH TPS (LEH.MOH.)","PUNJAB STATE POWER CORP. LTD.","STATE",920,30,15.5,0,43.41,43.41,3,"Critical","Super Critical","Inadequate linkage"
2009-02-04,"NORTHERN","PUNJAB","RAIL","GND TPS(BHATINDA)","PUNJAB STATE POWER CORP. LTD.","STATE",440,30,7,0,37.85,37.85,5,"Critical",NA,"Less Receipt - CCL"
2009-02-04,"NORTHERN","PUNJAB","RAIL","ROPAR TPS","PUNJAB STATE POWER CORP. LTD.","STATE",1260,30,22.1,0,86.88,86.88,4,"Critical",NA,"Inadequate linkage"
2009-02-04,"NORTHERN","RAJASTHAN","RAIL","KOTA TPS","RAJASTHAN RAJYA VIDYUT UTPADAN NIGAM LIMITED","STATE",1240,30,21.6,35.46,208.12,243.58,11,NA,NA,NA
2009-02-04,"NORTHERN","RAJASTHAN","RAIL","SURATGARH TPS","RAJASTHAN RAJYA VIDYUT UTPADAN NIGAM LIMITED","STATE",1500,30,27,0,147.5,147.5,5,"Critical",NA,"Inadequate linkage"
2009-02-04,"NORTHERN","UTTAR PRADESH","PITHEAD","ANPARA TPS","UTTAR PRADESH RAJYA VIDYUT UTPADAN NIGAM LIMITED","STATE",1630,15,28.6,0,136.44,136.44,5,"Critical",NA,"Inadequate linkage"
2009-02-04,"NORTHERN","UTTAR PRADESH","RAIL","HARDUAGANJ TPS","UTTAR PRADESH RAJYA VIDYUT UTPADAN NIGAM LIMITED","STATE",665,25,3.2,0,2.85,2.85,1,"Critical","Super Critical","Inadequate linkage"
2009-02-04,"NORTHERN","UTTAR PRADESH","RAIL","OBRA TPS","UTTAR PRADESH RAJYA VIDYUT UTPADAN NIGAM LIMITED","STATE",1278,20,16.1,0,108.08,108.08,7,NA,NA,NA
2009-02-04,"NORTHERN","UTTAR PRADESH","RAIL","PANKI TPS","UTTAR PRADESH RAJYA VIDYUT UTPADAN NIGAM LIMITED","STATE",210,30,4.3,0,7.75,7.75,2,"Critical","Super Critical","Inadequate linkage"
2009-02-04,"NORTHERN","UTTAR PRADESH","RAIL","PARICHHA TPS","UTTAR PRADESH RAJYA VIDYUT UTPADAN NIGAM LIMITED","STATE",1140,30,12.5,0,5.82,5.82,0,"Critical","Super Critical","Less receipt-CCL"
2009-02-04,"NORTHERN","UTTAR PRADESH","RAIL","DADRI (NCTPP)","NTPC LIMITED.","CENTRAL",1820,30,16.1,0,116.07,116.07,7,NA,NA,NA
2009-02-04,"NORTHERN","UTTAR PRADESH","PITHEAD","RIHAND STPS","NTPC LIMITED.","CENTRAL",3000,15,38.2,0,362.59,362.59,9,NA,NA,NA
2009-02-04,"NORTHERN","UTTAR PRADESH","PITHEAD","SINGRAULI STPS","NTPC LIMITED.","CENTRAL",2000,15,34.3,0,280.43,280.43,8,NA,NA,NA
2009-02-04,"NORTHERN","UTTAR PRADESH","RAIL","TANDA TPS","NTPC LIMITED.","CENTRAL",440,25,8.9,0,125.62,125.62,14,NA,NA,NA
2009-02-04,"NORTHERN","UTTAR PRADESH","RAIL","UNCHAHAR TPS","NTPC LIMITED.","CENTRAL",1050,25,21.4,0,118.03,118.03,6,"Critical",NA,"Less receipt-CCL"
2009-02-04,"WESTERN","CHHATTISGARH","RAIL","DSPM TPS","CHHATTISGARH STATE POWER GENERATION CO. LTD.","STATE",500,15,9.6,0,87.36,87.36,9,NA,NA,NA
2009-02-04,"WESTERN","CHHATTISGARH","PITHEAD","KORBA-II","CHHATTISGARH STATE POWER GENERATION CO. LTD.","STATE",440,15,8.6,0,100.96,100.96,12,NA,NA,NA
2009-02-04,"WESTERN","CHHATTISGARH","PITHEAD","KORBA-WEST TPS","CHHATTISGARH STATE POWER GENERATION CO. LTD.","STATE",1340,15,13.2,0,287.1,287.1,22,NA,NA,NA
2009-02-04,"WESTERN","CHHATTISGARH","PITHEAD","KORBA STPS","NTPC LIMITED.","CENTRAL",2600,15,34.3,0,511.07,511.07,15,NA,NA,NA
2009-02-04,"WESTERN","CHHATTISGARH","RAIL","SIPAT STPS","NTPC LIMITED.","CENTRAL",2980,20,16.8,0,27.45,27.45,2,"Critical","Super Critical","Less Receipt - SECL"
2009-02-04,"WESTERN","GUJARAT","RAIL","GANDHI NAGAR TPS","GUJARAT STATE ELECTRICITY CORPORATION LIMITED","STATE",870,30,13.6,0.1,25.41,25.51,2,"Critical","Super Critical","Less Receipt - SECL"
2009-02-04,"WESTERN","GUJARAT","RAIL","SIKKA REP. TPS","GUJARAT STATE ELECTRICITY CORPORATION LIMITED","STATE",240,30,4.6,29.57,40.26,69.83,15,NA,NA,NA
2009-02-04,"WESTERN","GUJARAT","RAIL","UKAI TPS","GUJARAT STATE ELECTRICITY CORPORATION LIMITED","STATE",1350,30,13.9,0,59.64,59.64,4,"Critical",NA,"Less Receipt - SECL"
2009-02-04,"WESTERN","GUJARAT","RAIL","WANAKBORI TPS","GUJARAT STATE ELECTRICITY CORPORATION LIMITED","STATE",1470,30,25.7,0,55.84,55.84,2,"Critical","Super Critical","Inadequate linkage"
2009-02-04,"WESTERN","GUJARAT","RAIL","SABARMATI (C STATION)","TORRENT POWER LTD","PRIVATE",400,30,4.6,0,11.59,11.59,2,"Critical","Super Critical","Inadequate linkage"
2009-02-04,"WESTERN","MADHYA PRADESH","PITHEAD","AMAR KANTAK","M. P. POWER GENERATING CORPORATION LIMITED","STATE",490,15,6.3,0,89.36,89.36,14,NA,NA,NA
2009-02-04,"WESTERN","MADHYA PRADESH","RAIL","SANJAY GANDHI TPS","M. P. POWER GENERATING CORPORATION LIMITED","STATE",1340,20,19.6,0,63.38,63.38,3,"Critical","Super Critical","Inadequate linkage"
2009-02-04,"WESTERN","MADHYA PRADESH","RAIL","SATPURA TPS","M. P. POWER GENERATING CORPORATION LIMITED","STATE",1330,20,22.5,0,42.49,42.49,2,"Critical","Super Critical","Less Receipt - WCL"
2009-02-04,"WESTERN","MADHYA PRADESH","PITHEAD","VINDHYACHAL STPS","NTPC LIMITED.","CENTRAL",4260,15,55.4,0,256.57,256.57,5,"Critical",NA,"Inadequate linkage"
2009-02-04,"WESTERN","MAHARASHTRA","RAIL","BHUSAWAL TPS","MAHARASHTRA STATE POWER GENERATION COMPANY LIMITED","STATE",1420,25,8.4,0,14.27,14.27,2,"Critical","Super Critical","Inadequate linkage"
2009-02-04,"WESTERN","MAHARASHTRA","RAIL","CHANDRAPUR(MAHARASHTRA) STPS","MAHARASHTRA STATE POWER GENERATION COMPANY LIMITED","STATE",2340,20,38.2,0,36.93,36.93,1,"Critical","Super Critical","Inadequate linkage"
2009-02-04,"WESTERN","MAHARASHTRA","RAIL","KHAPARKHEDA TPS","MAHARASHTRA STATE POWER GENERATION COMPANY LIMITED","STATE",1340,20,15.9,0,72.89,72.89,5,"Critical",NA,"Less Receipt"
2009-02-04,"WESTERN","MAHARASHTRA","RAIL","KORADI TPS","MAHARASHTRA STATE POWER GENERATION COMPANY LIMITED","STATE",1040,25,19.8,0,37.18,37.18,2,"Critical","Super Critical","Less Receipt -SECL"
2009-02-04,"WESTERN","MAHARASHTRA","RAIL","NASIK TPS","MAHARASHTRA STATE POWER GENERATION COMPANY LIMITED","STATE",630,25,15.5,0,36.5,36.5,2,"Critical","Super Critical","Inadequate linkage"
2009-02-04,"WESTERN","MAHARASHTRA","RAIL","PARLI TPS","MAHARASHTRA STATE POWER GENERATION COMPANY LIMITED","STATE",1130,25,16.1,0,146.58,146.58,9,NA,NA,NA
2009-02-04,"WESTERN","MAHARASHTRA","RAIL","PARAS TPS","MAHARASHTRA STATE POWER GENERATION COMPANY LIMITED","STATE",500,20,6.3,0,19.19,19.19,3,"Critical","Super Critical","Less Receipt"
2009-02-04,"WESTERN","MAHARASHTRA","RAIL","DAHANU TPS","RELIANCE INFRASTRUCTURE LTD.","PRIVATE",500,25,10.4,41.24,40.63,81.86,8,NA,NA,NA
2009-02-04,"SOUTHERN","ANDHRA PRADESH","RAIL","Dr. N.TATA RAO TPS","ANDHRA PRADESH POWER GENERATION CORP. LIMITED.","STATE",1760,25,22,0,122.83,122.83,6,"Critical",NA,"Inadequate linkage"
2009-02-04,"SOUTHERN","ANDHRA PRADESH","RAIL","KOTHAGUDEM TPS","ANDHRA PRADESH POWER GENERATION CORP. LIMITED.","STATE",1720,20,21.4,0,172.83,172.83,8,NA,NA,NA
2009-02-04,"SOUTHERN","ANDHRA PRADESH","ROAD","RAMAGUNDEM - B TPS","ANDHRA PRADESH POWER GENERATION CORP. LIMITED.","STATE",62.5,20,0.9,0,17.76,17.76,20,NA,NA,NA
2009-02-04,"SOUTHERN","ANDHRA PRADESH","RAIL","RAYALASEEMA TPS","ANDHRA PRADESH POWER GENERATION CORP. LIMITED.","STATE",1050,25,16.9,0,69.38,69.38,4,"Critical",NA,"Inadequate linkage"
2009-02-04,"SOUTHERN","ANDHRA PRADESH","PITHEAD","RAMAGUNDEM STPS","NTPC LIMITED.","CENTRAL",2600,15,42,0,503.21,503.21,12,NA,NA,NA
2009-02-04,"SOUTHERN","ANDHRA PRADESH","RAIL","SIMHADRI","NTPC LIMITED.","CENTRAL",2000,25,20.7,0,194.69,194.69,9,NA,NA,NA
2009-02-04,"SOUTHERN","KARNATAKA","RAIL","RAICHUR TPS","KARNATAKA POWER CORPORATION LIMITED","STATE",1720,30,31,0,531.24,531.24,17,NA,NA,NA
2009-02-04,"SOUTHERN","TAMIL NADU","INTER MODAL","ENNORE TPS","TAMIL NADU GENERATION & DISTRIBUTION CORP. LTD.","STATE",450,30,8.2,0,29.58,29.58,4,"Critical",NA,"Less Receipt -MCL"
2009-02-04,"SOUTHERN","TAMIL NADU","INTER MODAL","METTUR TPS","TAMIL NADU GENERATION & DISTRIBUTION CORP. LTD.","STATE",1440,30,15.1,45.68,44.12,89.8,6,"Critical",NA,"Less Receipt"
2009-02-04,"SOUTHERN","TAMIL NADU","INTER MODAL","NORTH CHENNAI TPS","TAMIL NADU GENERATION & DISTRIBUTION CORP. LTD.","STATE",1830,30,11.2,45.81,45.49,91.3,8,NA,NA,NA
2009-02-04,"SOUTHERN","TAMIL NADU","INTER MODAL","TUTICORIN TPS","TAMIL NADU GENERATION & DISTRIBUTION CORP. LTD.","STATE",1050,30,18.7,44.54,88.36,132.9,7,NA,NA,NA
2009-02-04,"EASTERN","BIHAR","RAIL","BARAUNI TPS","BIHAR STATE ELECTRICITY BOARD","STATE",210,20,0.7,0,24.81,24.81,35,NA,NA,NA
2009-02-04,"EASTERN","BIHAR","RAIL","MUZAFFARPUR TPS","KANTI BIJLEE UTPADAN NIGAM LTD.","CENTRAL",220,20,1.1,0,8,8,7,NA,NA,NA
2009-02-04,"EASTERN","BIHAR","PITHEAD","KAHALGAON TPS","NTPC LIMITED.","CENTRAL",2340,15,38.4,0,2.83,2.83,0,"Critical","Super Critical","Less Receipt - ECL"
2009-02-04,"EASTERN","JHARKHAND","RAIL","PATRATU TPS","JHARKHAND STATE ELECTRICITY BOARD","STATE",770,20,5,0,30.42,30.42,6,"Critical",NA,"Less Receipt"
2009-02-04,"EASTERN","JHARKHAND","ROAD","TENUGHAT TPS","TENUGHAT VIDYUT NIGAM LIMITED","STATE",420,20,6.1,0,10,10,2,"Critical","Super Critical","Inadequate linkage"
2009-02-04,"EASTERN","JHARKHAND","RAIL","BOKARO `B` TPS","DAMODAR VALLEY CORPORATION","CENTRAL",630,20,9.5,0,110.97,110.97,12,NA,NA,NA
2009-02-04,"EASTERN","JHARKHAND","RAIL","CHANDRAPURA(DVC) TPS","DAMODAR VALLEY CORPORATION","CENTRAL",890,20,6.3,0,80.12,80.12,13,NA,NA,NA
2009-02-04,"EASTERN","ORISSA","PITHEAD","IB VALLEY TPS","ORISSA POWER GENERATION CORPORATION LIMITED","STATE",420,15,9.5,0,171.19,171.19,18,NA,NA,NA
2009-02-04,"EASTERN","ORISSA","PITHEAD","TALCHER (OLD) TPS","NTPC LIMITED.","CENTRAL",470,15,8.9,0,54.77,54.77,6,"Critical",NA,"Inadequate linkage"
2009-02-04,"EASTERN","ORISSA","PITHEAD","TALCHER STPS","NTPC LIMITED.","CENTRAL",3000,15,64.3,0,130.8,130.8,2,"Critical","Super Critical","Inadequate linkage"
2009-02-04,"EASTERN","WEST BENGAL","RAIL","DURGAPUR TPS","DAMODAR VALLEY CORPORATION","CENTRAL",340,20,5.7,0,168.33,168.33,29,NA,NA,NA
2009-02-04,"EASTERN","WEST BENGAL","RAIL","MEJIA TPS","DAMODAR VALLEY CORPORATION","CENTRAL",2340,20,24.3,0,0,0,0,"Critical","Super Critical","Unloading Constraint"
2009-02-04,"EASTERN","WEST BENGAL","RAIL","BAKRESWAR TPS","WEST BENGAL POWER DEVELOPMENT CORP. LIMITED","STATE",1050,25,12.5,0,172.75,172.75,14,NA,NA,NA
2009-02-04,"EASTERN","WEST BENGAL","RAIL","BANDEL TPS","WEST BENGAL POWER DEVELOPMENT CORP. LIMITED","STATE",450,20,5.7,0,2.34,2.34,0,"Critical","Super Critical","Inadequate linkage"
2009-02-04,"EASTERN","WEST BENGAL","RAIL","D.P.L. TPS","DURGAPUR PROJECTS LIMITED","STATE",630,20,10.7,0,40.72,40.72,4,"Critical",NA,"Less receipt - EMTA"
2009-02-04,"EASTERN","WEST BENGAL","RAIL","KOLAGHAT TPS","WEST BENGAL POWER DEVELOPMENT CORP. LIMITED","STATE",1260,25,21.3,0,240.44,240.44,11,NA,NA,NA
2009-02-04,"EASTERN","WEST BENGAL","RAIL","SAGARDIGHI TPS","WEST BENGAL POWER DEVELOPMENT CORP. LIMITED","STATE",600,20,7.9,0,0,0,0,"Critical","Super Critical","Inadequate linkage"
2009-02-04,"EASTERN","WEST BENGAL","RAIL","SANTALDIH TPS","WEST BENGAL POWER DEVELOPMENT CORP. LIMITED","STATE",980,20,8.2,0,106.57,106.57,13,NA,NA,NA
2009-02-04,"EASTERN","WEST BENGAL","RAIL","BUDGE BUDGE TPS","CALCUTTA ELECTRIC SUPPLY CO. LTD.","PRIVATE",750,20,7.9,0,98.62,98.62,13,NA,NA,NA
2009-02-04,"EASTERN","WEST BENGAL","RAIL","NEW COSSIPORE TPS","CALCUTTA ELECTRIC SUPPLY CO. LTD.","PRIVATE",160,20,1.4,0,19.34,19.34,14,NA,NA,NA
2009-02-04,"EASTERN","WEST BENGAL","RAIL","SOUTHERN REPL. TPS","CALCUTTA ELECTRIC SUPPLY CO. LTD.","PRIVATE",135,25,2.5,0,41.35,41.35,17,NA,NA,NA
2009-02-04,"EASTERN","WEST BENGAL","RAIL","TITAGARH TPS","CALCUTTA ELECTRIC SUPPLY CO. LTD.","PRIVATE",240,20,3.9,0,60.51,60.51,15,NA,NA,NA
2009-02-04,"EASTERN","WEST BENGAL","RAIL","FARAKKA STPS","NTPC LIMITED.","CENTRAL",2100,15,37.5,0,39.34,39.34,1,"Critical","Super Critical","Less Receipt - ECL"
2009-02-05,"NORTHERN","DELHI","RAIL","I.P.  T.P.S.","INDRAPRASTHA  POWER GENERATION COMPANY LIMITED","STATE",247.5,25,3.4,0,44.26,44.26,13,NA,NA,NA
2009-02-05,"NORTHERN","DELHI","RAIL","RAJGHAT TPS","INDRAPRASTHA  POWER GENERATION COMPANY LIMITED","STATE",135,25,2.3,0,78.76,78.76,34,NA,NA,NA
2009-02-05,"NORTHERN","DELHI","RAIL","BADARPUR TPS","NTPC LIMITED.","CENTRAL",705,30,14.8,0,79.63,79.63,5,"Critical",NA,"Less Receipt - CCL"
2009-02-05,"NORTHERN","HARYANA","RAIL","FARIDABAD TPS.","HARYANA POWER  GENERATION CORPORATION LIMITED","STATE",55,25,2.1,0,48.8,48.8,23,NA,NA,NA
2009-02-05,"NORTHERN","HARYANA","RAIL","PANIPAT TPS","HARYANA POWER  GENERATION CORPORATION LIMITED","STATE",1360,25,26.8,0,22.67,22.67,1,"Critical","Super Critical","Less Receipt - CCL"
2009-02-05,"NORTHERN","HARYANA","RAIL","YAMUNA NAGAR TPS","HARYANA POWER  GENERATION CORPORATION LIMITED","STATE",600,25,10.7,0,42.41,42.41,4,"Critical",NA,"Inadequate linkage"
2009-02-05,"NORTHERN","PUNJAB","RAIL","GH TPS (LEH.MOH.)","PUNJAB STATE POWER CORP. LTD.","STATE",920,30,15.5,0,40.55,40.55,3,"Critical","Super Critical","Inadequate linkage"
2009-02-05,"NORTHERN","PUNJAB","RAIL","GND TPS(BHATINDA)","PUNJAB STATE POWER CORP. LTD.","STATE",440,30,7,0,38.35,38.35,6,"Critical",NA,"Less Receipt - CCL"
2009-02-05,"NORTHERN","PUNJAB","RAIL","ROPAR TPS","PUNJAB STATE POWER CORP. LTD.","STATE",1260,30,22.1,0,76.55,76.55,3,"Critical","Super Critical","Inadequate linkage"
2009-02-05,"NORTHERN","RAJASTHAN","RAIL","KOTA TPS","RAJASTHAN RAJYA VIDYUT UTPADAN NIGAM LIMITED","STATE",1240,30,21.6,34.72,216.92,251.64,12,NA,NA,NA
2009-02-05,"NORTHERN","RAJASTHAN","RAIL","SURATGARH TPS","RAJASTHAN RAJYA VIDYUT UTPADAN NIGAM LIMITED","STATE",1500,30,27,0,153.57,153.57,6,"Critical",NA,"Inadequate linkage"
2009-02-05,"NORTHERN","UTTAR PRADESH","PITHEAD","ANPARA TPS","UTTAR PRADESH RAJYA VIDYUT UTPADAN NIGAM LIMITED","STATE",1630,15,28.6,0,138.84,138.84,5,"Critical",NA,"Inadequate linkage"
2009-02-05,"NORTHERN","UTTAR PRADESH","RAIL","HARDUAGANJ TPS","UTTAR PRADESH RAJYA VIDYUT UTPADAN NIGAM LIMITED","STATE",665,25,3.2,0,4.55,4.55,1,"Critical","Super Critical","Inadequate linkage"
2009-02-05,"NORTHERN","UTTAR PRADESH","RAIL","OBRA TPS","UTTAR PRADESH RAJYA VIDYUT UTPADAN NIGAM LIMITED","STATE",1278,20,16.1,0,115.63,115.63,7,NA,NA,NA
2009-02-05,"NORTHERN","UTTAR PRADESH","RAIL","PANKI TPS","UTTAR PRADESH RAJYA VIDYUT UTPADAN NIGAM LIMITED","STATE",210,30,4.3,0,3.65,3.65,1,"Critical","Super Critical","Inadequate linkage"
2009-02-05,"NORTHERN","UTTAR PRADESH","RAIL","PARICHHA TPS","UTTAR PRADESH RAJYA VIDYUT UTPADAN NIGAM LIMITED","STATE",1140,30,12.5,0,6.31,6.31,1,"Critical","Super Critical","Less receipt-CCL"
2009-02-05,"NORTHERN","UTTAR PRADESH","RAIL","DADRI (NCTPP)","NTPC LIMITED.","CENTRAL",1820,30,16.1,0,120.77,120.77,8,NA,NA,NA
2009-02-05,"NORTHERN","UTTAR PRADESH","PITHEAD","RIHAND STPS","NTPC LIMITED.","CENTRAL",3000,15,38.2,0,373.62,373.62,10,NA,NA,NA
2009-02-05,"NORTHERN","UTTAR PRADESH","PITHEAD","SINGRAULI STPS","NTPC LIMITED.","CENTRAL",2000,15,34.3,0,288.96,288.96,8,NA,NA,NA
2009-02-05,"NORTHERN","UTTAR PRADESH","RAIL","TANDA TPS","NTPC LIMITED.","CENTRAL",440,25,8.9,0,118.61,118.61,13,NA,NA,NA
2009-02-05,"NORTHERN","UTTAR PRADESH","RAIL","UNCHAHAR TPS","NTPC LIMITED.","CENTRAL",1050,25,21.4,0,116.22,116.22,5,"Critical",NA,"Less receipt-CCL"
2009-02-05,"WESTERN","CHHATTISGARH","RAIL","DSPM TPS","CHHATTISGARH STATE POWER GENERATION CO. LTD.","STATE",500,15,9.6,0,86.38,86.38,9,NA,NA,NA
2009-02-05,"WESTERN","CHHATTISGARH","PITHEAD","KORBA-II","CHHATTISGARH STATE POWER GENERATION CO. LTD.","STATE",440,15,8.6,0,102.98,102.98,12,NA,NA,NA
2009-02-05,"WESTERN","CHHATTISGARH","PITHEAD","KORBA-WEST TPS","CHHATTISGARH STATE POWER GENERATION CO. LTD.","STATE",1340,15,13.2,0,280.79,280.79,21,NA,NA,NA
2009-02-05,"WESTERN","CHHATTISGARH","PITHEAD","KORBA STPS","NTPC LIMITED.","CENTRAL",2600,15,34.3,0,506.59,506.59,15,NA,NA,NA
2009-02-05,"WESTERN","CHHATTISGARH","RAIL","SIPAT STPS","NTPC LIMITED.","CENTRAL",2980,20,16.8,0,26.39,26.39,2,"Critical","Super Critical","Less Receipt - SECL"
2009-02-05,"WESTERN","GUJARAT","RAIL","GANDHI NAGAR TPS","GUJARAT STATE ELECTRICITY CORPORATION LIMITED","STATE",870,30,13.6,0.1,27.56,27.66,2,"Critical","Super Critical","Less Receipt - SECL"
2009-02-05,"WESTERN","GUJARAT","RAIL","SIKKA REP. TPS","GUJARAT STATE ELECTRICITY CORPORATION LIMITED","STATE",240,30,4.6,28.88,38.73,67.61,15,NA,NA,NA
2009-02-05,"WESTERN","GUJARAT","RAIL","UKAI TPS","GUJARAT STATE ELECTRICITY CORPORATION LIMITED","STATE",1350,30,13.9,0,63.8,63.8,5,"Critical",NA,"Less Receipt - SECL"
2009-02-05,"WESTERN","GUJARAT","RAIL","WANAKBORI TPS","GUJARAT STATE ELECTRICITY CORPORATION LIMITED","STATE",1470,30,25.7,0,47.78,47.78,2,"Critical","Super Critical","Inadequate linkage"
2009-02-05,"WESTERN","GUJARAT","RAIL","SABARMATI (C STATION)","TORRENT POWER LTD","PRIVATE",400,30,4.6,0,10.64,10.64,2,"Critical","Super Critical","Inadequate linkage"
2009-02-05,"WESTERN","MADHYA PRADESH","PITHEAD","AMAR KANTAK","M. P. POWER GENERATING CORPORATION LIMITED","STATE",490,15,6.3,0,89.67,89.67,14,NA,NA,NA
2009-02-05,"WESTERN","MADHYA PRADESH","RAIL","SANJAY GANDHI TPS","M. P. POWER GENERATING CORPORATION LIMITED","STATE",1340,20,19.6,0,60.83,60.83,3,"Critical","Super Critical","Inadequate linkage"
2009-02-05,"WESTERN","MADHYA PRADESH","RAIL","SATPURA TPS","M. P. POWER GENERATING CORPORATION LIMITED","STATE",1330,20,22.5,0,41.57,41.57,2,"Critical","Super Critical","Less Receipt - WCL"
2009-02-05,"WESTERN","MADHYA PRADESH","PITHEAD","VINDHYACHAL STPS","NTPC LIMITED.","CENTRAL",4260,15,55.4,0,256.57,256.57,5,"Critical",NA,"Inadequate linkage"
2009-02-05,"WESTERN","MAHARASHTRA","RAIL","BHUSAWAL TPS","MAHARASHTRA STATE POWER GENERATION COMPANY LIMITED","STATE",1420,25,8.4,0,12.94,12.94,2,"Critical","Super Critical","Inadequate linkage"
2009-02-05,"WESTERN","MAHARASHTRA","RAIL","CHANDRAPUR(MAHARASHTRA) STPS","MAHARASHTRA STATE POWER GENERATION COMPANY LIMITED","STATE",2340,20,38.2,0,30.06,30.06,1,"Critical","Super Critical","Inadequate linkage"
2009-02-05,"WESTERN","MAHARASHTRA","RAIL","KHAPARKHEDA TPS","MAHARASHTRA STATE POWER GENERATION COMPANY LIMITED","STATE",1340,20,15.9,0,69.31,69.31,4,"Critical",NA,"Less Receipt"
2009-02-05,"WESTERN","MAHARASHTRA","RAIL","KORADI TPS","MAHARASHTRA STATE POWER GENERATION COMPANY LIMITED","STATE",1040,25,19.8,0,37.54,37.54,2,"Critical","Super Critical","Less Receipt -SECL"
2009-02-05,"WESTERN","MAHARASHTRA","RAIL","NASIK TPS","MAHARASHTRA STATE POWER GENERATION COMPANY LIMITED","STATE",630,25,15.5,0,32.37,32.37,2,"Critical","Super Critical","Inadequate linkage"
2009-02-05,"WESTERN","MAHARASHTRA","RAIL","PARLI TPS","MAHARASHTRA STATE POWER GENERATION COMPANY LIMITED","STATE",1130,25,16.1,0,141.59,141.59,9,NA,NA,NA
2009-02-05,"WESTERN","MAHARASHTRA","RAIL","PARAS TPS","MAHARASHTRA STATE POWER GENERATION COMPANY LIMITED","STATE",500,20,6.3,0,22.4,22.4,4,"Critical",NA,"Less Receipt"
2009-02-05,"WESTERN","MAHARASHTRA","RAIL","DAHANU TPS","RELIANCE INFRASTRUCTURE LTD.","PRIVATE",500,25,10.4,39.02,42.7,81.72,8,NA,NA,NA
2009-02-05,"SOUTHERN","ANDHRA PRADESH","RAIL","Dr. N.TATA RAO TPS","ANDHRA PRADESH POWER GENERATION CORP. LIMITED.","STATE",1760,25,22,0,114.06,114.06,5,"Critical",NA,"Inadequate linkage"
2009-02-05,"SOUTHERN","ANDHRA PRADESH","RAIL","KOTHAGUDEM TPS","ANDHRA PRADESH POWER GENERATION CORP. LIMITED.","STATE",1720,20,21.4,0,168.55,168.55,8,NA,NA,NA
2009-02-05,"SOUTHERN","ANDHRA PRADESH","ROAD","RAMAGUNDEM - B TPS","ANDHRA PRADESH POWER GENERATION CORP. LIMITED.","STATE",62.5,20,0.9,0,17.77,17.77,20,NA,NA,NA
2009-02-05,"SOUTHERN","ANDHRA PRADESH","RAIL","RAYALASEEMA TPS","ANDHRA PRADESH POWER GENERATION CORP. LIMITED.","STATE",1050,25,16.9,0,62.62,62.62,4,"Critical",NA,"Inadequate linkage"
2009-02-05,"SOUTHERN","ANDHRA PRADESH","PITHEAD","RAMAGUNDEM STPS","NTPC LIMITED.","CENTRAL",2600,15,42,0,505.43,505.43,12,NA,NA,NA
2009-02-05,"SOUTHERN","ANDHRA PRADESH","RAIL","SIMHADRI","NTPC LIMITED.","CENTRAL",2000,25,20.7,0,203.09,203.09,10,NA,NA,NA
2009-02-05,"SOUTHERN","KARNATAKA","RAIL","RAICHUR TPS","KARNATAKA POWER CORPORATION LIMITED","STATE",1720,30,31,0,530.8,530.8,17,NA,NA,NA
2009-02-05,"SOUTHERN","TAMIL NADU","INTER MODAL","ENNORE TPS","TAMIL NADU GENERATION & DISTRIBUTION CORP. LTD.","STATE",450,30,8.2,0,28.86,28.86,4,"Critical",NA,"Less Receipt -MCL"
2009-02-05,"SOUTHERN","TAMIL NADU","INTER MODAL","METTUR TPS","TAMIL NADU GENERATION & DISTRIBUTION CORP. LTD.","STATE",1440,30,15.1,46.84,36.75,83.59,6,"Critical",NA,"Less Receipt"
2009-02-05,"SOUTHERN","TAMIL NADU","INTER MODAL","NORTH CHENNAI TPS","TAMIL NADU GENERATION & DISTRIBUTION CORP. LTD.","STATE",1830,30,11.2,44.18,36.96,81.14,7,NA,NA,NA
2009-02-05,"SOUTHERN","TAMIL NADU","INTER MODAL","TUTICORIN TPS","TAMIL NADU GENERATION & DISTRIBUTION CORP. LTD.","STATE",1050,30,18.7,40.91,97.25,138.17,7,NA,NA,NA
2009-02-05,"EASTERN","BIHAR","RAIL","BARAUNI TPS","BIHAR STATE ELECTRICITY BOARD","STATE",210,20,0.7,0,24.54,24.54,34,NA,NA,NA
2009-02-05,"EASTERN","BIHAR","RAIL","MUZAFFARPUR TPS","KANTI BIJLEE UTPADAN NIGAM LTD.","CENTRAL",220,20,1.1,0,8,8,7,NA,NA,NA
2009-02-05,"EASTERN","BIHAR","PITHEAD","KAHALGAON TPS","NTPC LIMITED.","CENTRAL",2340,15,38.4,0,0,0,0,"Critical","Super Critical","Less Receipt - ECL"
2009-02-05,"EASTERN","JHARKHAND","RAIL","PATRATU TPS","JHARKHAND STATE ELECTRICITY BOARD","STATE",770,20,5,0,27.52,27.52,6,"Critical",NA,"Less Receipt"
2009-02-05,"EASTERN","JHARKHAND","ROAD","TENUGHAT TPS","TENUGHAT VIDYUT NIGAM LIMITED","STATE",420,20,6.1,0,10,10,2,"Critical","Super Critical","Inadequate linkage"
2009-02-05,"EASTERN","JHARKHAND","RAIL","BOKARO `B` TPS","DAMODAR VALLEY CORPORATION","CENTRAL",630,20,9.5,0,112.03,112.03,12,NA,NA,NA
2009-02-05,"EASTERN","JHARKHAND","RAIL","CHANDRAPURA(DVC) TPS","DAMODAR VALLEY CORPORATION","CENTRAL",890,20,6.3,0,82.67,82.67,13,NA,NA,NA
2009-02-05,"EASTERN","ORISSA","PITHEAD","IB VALLEY TPS","ORISSA POWER GENERATION CORPORATION LIMITED","STATE",420,15,9.5,0,173.37,173.37,18,NA,NA,NA
2009-02-05,"EASTERN","ORISSA","PITHEAD","TALCHER (OLD) TPS","NTPC LIMITED.","CENTRAL",470,15,8.9,0,52.66,52.66,6,"Critical",NA,"Inadequate linkage"
2009-02-05,"EASTERN","ORISSA","PITHEAD","TALCHER STPS","NTPC LIMITED.","CENTRAL",3000,15,64.3,0,137.85,137.85,2,"Critical","Super Critical","Inadequate linkage"
2009-02-05,"EASTERN","WEST BENGAL","RAIL","DURGAPUR TPS","DAMODAR VALLEY CORPORATION","CENTRAL",340,20,5.7,0,166.74,166.74,29,NA,NA,NA
2009-02-05,"EASTERN","WEST BENGAL","RAIL","MEJIA TPS","DAMODAR VALLEY CORPORATION","CENTRAL",2340,20,24.3,0,2,2,0,"Critical","Super Critical","Unloading Constraint"
2009-02-05,"EASTERN","WEST BENGAL","RAIL","BAKRESWAR TPS","WEST BENGAL POWER DEVELOPMENT CORP. LIMITED","STATE",1050,25,12.5,0,178.44,178.44,14,NA,NA,NA
2009-02-05,"EASTERN","WEST BENGAL","RAIL","BANDEL TPS","WEST BENGAL POWER DEVELOPMENT CORP. LIMITED","STATE",450,20,5.7,0,1.5,1.5,0,"Critical","Super Critical","Inadequate linkage"
2009-02-05,"EASTERN","WEST BENGAL","RAIL","D.P.L. TPS","DURGAPUR PROJECTS LIMITED","STATE",630,20,10.7,0,46.16,46.16,4,"Critical",NA,"Less receipt - EMTA"
2009-02-05,"EASTERN","WEST BENGAL","RAIL","KOLAGHAT TPS","WEST BENGAL POWER DEVELOPMENT CORP. LIMITED","STATE",1260,25,21.3,0,239.56,239.56,11,NA,NA,NA
2009-02-05,"EASTERN","WEST BENGAL","RAIL","SAGARDIGHI TPS","WEST BENGAL POWER DEVELOPMENT CORP. LIMITED","STATE",600,20,7.9,0,0,0,0,"Critical","Super Critical","Inadequate linkage"
2009-02-05,"EASTERN","WEST BENGAL","RAIL","SANTALDIH TPS","WEST BENGAL POWER DEVELOPMENT CORP. LIMITED","STATE",980,20,8.2,0,108.72,108.72,13,NA,NA,NA
2009-02-05,"EASTERN","WEST BENGAL","RAIL","BUDGE BUDGE TPS","CALCUTTA ELECTRIC SUPPLY CO. LTD.","PRIVATE",750,20,7.9,0,103.17,103.17,13,NA,NA,NA
2009-02-05,"EASTERN","WEST BENGAL","RAIL","NEW COSSIPORE TPS","CALCUTTA ELECTRIC SUPPLY CO. LTD.","PRIVATE",160,20,1.4,0,18.15,18.15,13,NA,NA,NA
2009-02-05,"EASTERN","WEST BENGAL","RAIL","SOUTHERN REPL. TPS","CALCUTTA ELECTRIC SUPPLY CO. LTD.","PRIVATE",135,25,2.5,0,42.95,42.95,17,NA,NA,NA
2009-02-05,"EASTERN","WEST BENGAL","RAIL","TITAGARH TPS","CALCUTTA ELECTRIC SUPPLY CO. LTD.","PRIVATE",240,20,3.9,0,61.91,61.91,16,NA,NA,NA
2009-02-05,"EASTERN","WEST BENGAL","RAIL","FARAKKA STPS","NTPC LIMITED.","CENTRAL",2100,15,37.5,0,43.1,43.1,1,"Critical","Super Critical","Less Receipt - ECL"
2009-02-06,"NORTHERN","DELHI","RAIL","I.P.  T.P.S.","INDRAPRASTHA  POWER GENERATION COMPANY LIMITED","STATE",247.5,25,3.4,0,46.85,46.85,14,NA,NA,NA
2009-02-06,"NORTHERN","DELHI","RAIL","RAJGHAT TPS","INDRAPRASTHA  POWER GENERATION COMPANY LIMITED","STATE",135,25,2.3,0,81.42,81.42,35,NA,NA,NA
2009-02-06,"NORTHERN","DELHI","RAIL","BADARPUR TPS","NTPC LIMITED.","CENTRAL",705,30,14.8,0,81.33,81.33,5,"Critical",NA,NA
2009-02-06,"NORTHERN","HARYANA","RAIL","FARIDABAD TPS.","HARYANA POWER  GENERATION CORPORATION LIMITED","STATE",55,25,2.1,0,46.99,46.99,22,NA,NA,NA
2009-02-06,"NORTHERN","HARYANA","RAIL","PANIPAT TPS","HARYANA POWER  GENERATION CORPORATION LIMITED","STATE",1360,25,26.8,0,22.67,22.67,1,"Critical","Super Critical",NA
2009-02-06,"NORTHERN","HARYANA","RAIL","YAMUNA NAGAR TPS","HARYANA POWER  GENERATION CORPORATION LIMITED","STATE",600,25,10.7,0,42.21,42.21,4,"Critical",NA,NA
2009-02-06,"NORTHERN","PUNJAB","RAIL","GH TPS (LEH.MOH.)","PUNJAB STATE POWER CORP. LTD.","STATE",920,30,15.5,0,42.83,42.83,3,"Critical","Super Critical",NA
2009-02-06,"NORTHERN","PUNJAB","RAIL","GND TPS(BHATINDA)","PUNJAB STATE POWER CORP. LTD.","STATE",440,30,7,0,40.17,40.17,6,"Critical",NA,NA
2009-02-06,"NORTHERN","PUNJAB","RAIL","ROPAR TPS","PUNJAB STATE POWER CORP. LTD.","STATE",1260,30,22.1,0,83.77,83.77,4,"Critical",NA,NA
2009-02-06,"NORTHERN","RAJASTHAN","RAIL","KOTA TPS","RAJASTHAN RAJYA VIDYUT UTPADAN NIGAM LIMITED","STATE",1240,30,21.6,34.02,214.92,248.94,12,NA,NA,NA
2009-02-06,"NORTHERN","RAJASTHAN","RAIL","SURATGARH TPS","RAJASTHAN RAJYA VIDYUT UTPADAN NIGAM LIMITED","STATE",1500,30,27,0,160.7,160.7,6,"Critical",NA,NA
2009-02-06,"NORTHERN","UTTAR PRADESH","PITHEAD","ANPARA TPS","UTTAR PRADESH RAJYA VIDYUT UTPADAN NIGAM LIMITED","STATE",1630,15,28.6,0,138.39,138.39,5,"Critical",NA,NA
2009-02-06,"NORTHERN","UTTAR PRADESH","RAIL","HARDUAGANJ TPS","UTTAR PRADESH RAJYA VIDYUT UTPADAN NIGAM LIMITED","STATE",665,25,3.2,0,7.76,7.76,2,"Critical","Super Critical",NA
2009-02-06,"NORTHERN","UTTAR PRADESH","RAIL","OBRA TPS","UTTAR PRADESH RAJYA VIDYUT UTPADAN NIGAM LIMITED","STATE",1278,20,16.1,0,125.32,125.32,8,NA,NA,NA
2009-02-06,"NORTHERN","UTTAR PRADESH","RAIL","PANKI TPS","UTTAR PRADESH RAJYA VIDYUT UTPADAN NIGAM LIMITED","STATE",210,30,4.3,0,6.39,6.39,1,"Critical","Super Critical",NA
2009-02-06,"NORTHERN","UTTAR PRADESH","RAIL","PARICHHA TPS","UTTAR PRADESH RAJYA VIDYUT UTPADAN NIGAM LIMITED","STATE",1140,30,12.5,0,10.47,10.47,1,"Critical","Super Critical",NA
2009-02-06,"NORTHERN","UTTAR PRADESH","RAIL","DADRI (NCTPP)","NTPC LIMITED.","CENTRAL",1820,30,16.1,0,132.61,132.61,8,NA,NA,NA
2009-02-06,"NORTHERN","UTTAR PRADESH","PITHEAD","RIHAND STPS","NTPC LIMITED.","CENTRAL",3000,15,38.2,0,374.6,374.6,10,NA,NA,NA
2009-02-06,"NORTHERN","UTTAR PRADESH","PITHEAD","SINGRAULI STPS","NTPC LIMITED.","CENTRAL",2000,15,34.3,0,301.47,301.47,9,NA,NA,NA
2009-02-06,"NORTHERN","UTTAR PRADESH","RAIL","TANDA TPS","NTPC LIMITED.","CENTRAL",440,25,8.9,0,114.28,114.28,13,NA,NA,NA
2009-02-06,"NORTHERN","UTTAR PRADESH","RAIL","UNCHAHAR TPS","NTPC LIMITED.","CENTRAL",1050,25,21.4,0,119.14,119.14,6,"Critical",NA,NA
2009-02-06,"WESTERN","CHHATTISGARH","RAIL","DSPM TPS","CHHATTISGARH STATE POWER GENERATION CO. LTD.","STATE",500,15,9.6,0,85.38,85.38,9,NA,NA,NA
2009-02-06,"WESTERN","CHHATTISGARH","PITHEAD","KORBA-II","CHHATTISGARH STATE POWER GENERATION CO. LTD.","STATE",440,15,8.6,0,103.16,103.16,12,NA,NA,NA
2009-02-06,"WESTERN","CHHATTISGARH","PITHEAD","KORBA-WEST TPS","CHHATTISGARH STATE POWER GENERATION CO. LTD.","STATE",1340,15,13.2,0,278.26,278.26,21,NA,NA,NA
2009-02-06,"WESTERN","CHHATTISGARH","PITHEAD","KORBA STPS","NTPC LIMITED.","CENTRAL",2600,15,34.3,0,498.18,498.18,15,NA,NA,NA
2009-02-06,"WESTERN","CHHATTISGARH","RAIL","SIPAT STPS","NTPC LIMITED.","CENTRAL",2980,20,16.8,0,29.12,29.12,2,"Critical","Super Critical",NA
2009-02-06,"WESTERN","GUJARAT","RAIL","GANDHI NAGAR TPS","GUJARAT STATE ELECTRICITY CORPORATION LIMITED","STATE",870,30,13.6,0.1,29.35,29.45,2,"Critical","Super Critical",NA
2009-02-06,"WESTERN","GUJARAT","RAIL","SIKKA REP. TPS","GUJARAT STATE ELECTRICITY CORPORATION LIMITED","STATE",240,30,4.6,28.56,36.84,65.4,14,NA,NA,NA
2009-02-06,"WESTERN","GUJARAT","RAIL","UKAI TPS","GUJARAT STATE ELECTRICITY CORPORATION LIMITED","STATE",1350,30,13.9,0,65.11,65.11,5,"Critical",NA,NA
2009-02-06,"WESTERN","GUJARAT","RAIL","WANAKBORI TPS","GUJARAT STATE ELECTRICITY CORPORATION LIMITED","STATE",1470,30,25.7,0,45.36,45.36,2,"Critical","Super Critical",NA
2009-02-06,"WESTERN","GUJARAT","RAIL","SABARMATI (C STATION)","TORRENT POWER LTD","PRIVATE",400,30,4.6,0,9.69,9.69,2,"Critical","Super Critical",NA
2009-02-06,"WESTERN","MADHYA PRADESH","PITHEAD","AMAR KANTAK","M. P. POWER GENERATING CORPORATION LIMITED","STATE",490,15,6.3,0,90.07,90.07,14,NA,NA,NA
2009-02-06,"WESTERN","MADHYA PRADESH","RAIL","SANJAY GANDHI TPS","M. P. POWER GENERATING CORPORATION LIMITED","STATE",1340,20,19.6,0,70.4,70.4,4,"Critical",NA,NA
2009-02-06,"WESTERN","MADHYA PRADESH","RAIL","SATPURA TPS","M. P. POWER GENERATING CORPORATION LIMITED","STATE",1330,20,22.5,0,44.96,44.96,2,"Critical","Super Critical",NA
2009-02-06,"WESTERN","MADHYA PRADESH","PITHEAD","VINDHYACHAL STPS","NTPC LIMITED.","CENTRAL",4260,15,55.4,0,257.58,257.58,5,"Critical",NA,NA
2009-02-06,"WESTERN","MAHARASHTRA","RAIL","BHUSAWAL TPS","MAHARASHTRA STATE POWER GENERATION COMPANY LIMITED","STATE",1420,25,8.4,0,13.81,13.81,2,"Critical","Super Critical",NA
2009-02-06,"WESTERN","MAHARASHTRA","RAIL","CHANDRAPUR(MAHARASHTRA) STPS","MAHARASHTRA STATE POWER GENERATION COMPANY LIMITED","STATE",2340,20,38.2,0,27.05,27.05,1,"Critical","Super Critical",NA
2009-02-06,"WESTERN","MAHARASHTRA","RAIL","KHAPARKHEDA TPS","MAHARASHTRA STATE POWER GENERATION COMPANY LIMITED","STATE",1340,20,15.9,0,73.4,73.4,5,"Critical",NA,NA
2009-02-06,"WESTERN","MAHARASHTRA","RAIL","KORADI TPS","MAHARASHTRA STATE POWER GENERATION COMPANY LIMITED","STATE",1040,25,19.8,0,37.29,37.29,2,"Critical","Super Critical",NA
2009-02-06,"WESTERN","MAHARASHTRA","RAIL","NASIK TPS","MAHARASHTRA STATE POWER GENERATION COMPANY LIMITED","STATE",630,25,15.5,0,27.56,27.56,2,"Critical","Super Critical",NA
2009-02-06,"WESTERN","MAHARASHTRA","RAIL","PARLI TPS","MAHARASHTRA STATE POWER GENERATION COMPANY LIMITED","STATE",1130,25,16.1,0,139.28,139.28,9,NA,NA,NA
2009-02-06,"WESTERN","MAHARASHTRA","RAIL","PARAS TPS","MAHARASHTRA STATE POWER GENERATION COMPANY LIMITED","STATE",500,20,6.3,0,24.45,24.45,4,"Critical",NA,NA
2009-02-06,"WESTERN","MAHARASHTRA","RAIL","DAHANU TPS","RELIANCE INFRASTRUCTURE LTD.","PRIVATE",500,25,10.4,39.02,42.7,81.72,8,NA,NA,NA
2009-02-06,"SOUTHERN","ANDHRA PRADESH","RAIL","Dr. N.TATA RAO TPS","ANDHRA PRADESH POWER GENERATION CORP. LIMITED.","STATE",1760,25,22,0,116.28,116.28,5,"Critical",NA,NA
2009-02-06,"SOUTHERN","ANDHRA PRADESH","RAIL","KOTHAGUDEM TPS","ANDHRA PRADESH POWER GENERATION CORP. LIMITED.","STATE",1720,20,21.4,0,169.13,169.13,8,NA,NA,NA
2009-02-06,"SOUTHERN","ANDHRA PRADESH","ROAD","RAMAGUNDEM - B TPS","ANDHRA PRADESH POWER GENERATION CORP. LIMITED.","STATE",62.5,20,0.9,0,18.05,18.05,20,NA,NA,NA
2009-02-06,"SOUTHERN","ANDHRA PRADESH","RAIL","RAYALASEEMA TPS","ANDHRA PRADESH POWER GENERATION CORP. LIMITED.","STATE",1050,25,16.9,0,57.47,57.47,3,"Critical","Super Critical",NA
2009-02-06,"SOUTHERN","ANDHRA PRADESH","PITHEAD","RAMAGUNDEM STPS","NTPC LIMITED.","CENTRAL",2600,15,42,0,510.04,510.04,12,NA,NA,NA
2009-02-06,"SOUTHERN","ANDHRA PRADESH","RAIL","SIMHADRI","NTPC LIMITED.","CENTRAL",2000,25,20.7,0,203.91,203.91,10,NA,NA,NA
2009-02-06,"SOUTHERN","KARNATAKA","RAIL","RAICHUR TPS","KARNATAKA POWER CORPORATION LIMITED","STATE",1720,30,31,0,529.45,529.45,17,NA,NA,NA
2009-02-06,"SOUTHERN","TAMIL NADU","INTER MODAL","ENNORE TPS","TAMIL NADU GENERATION & DISTRIBUTION CORP. LTD.","STATE",450,30,8.2,0,31.86,31.86,4,"Critical",NA,NA
2009-02-06,"SOUTHERN","TAMIL NADU","INTER MODAL","METTUR TPS","TAMIL NADU GENERATION & DISTRIBUTION CORP. LTD.","STATE",1440,30,15.1,47.75,38.88,86.63,6,"Critical",NA,NA
2009-02-06,"SOUTHERN","TAMIL NADU","INTER MODAL","NORTH CHENNAI TPS","TAMIL NADU GENERATION & DISTRIBUTION CORP. LTD.","STATE",1830,30,11.2,42.3,33.35,75.65,7,NA,NA,NA
2009-02-06,"SOUTHERN","TAMIL NADU","INTER MODAL","TUTICORIN TPS","TAMIL NADU GENERATION & DISTRIBUTION CORP. LTD.","STATE",1050,30,18.7,36.61,111.3,147.91,8,NA,NA,NA
2009-02-06,"EASTERN","BIHAR","RAIL","BARAUNI TPS","BIHAR STATE ELECTRICITY BOARD","STATE",210,20,0.7,0,22.98,22.98,32,NA,NA,NA
2009-02-06,"EASTERN","BIHAR","RAIL","MUZAFFARPUR TPS","KANTI BIJLEE UTPADAN NIGAM LTD.","CENTRAL",220,20,1.1,0,8,8,7,NA,NA,NA
2009-02-06,"EASTERN","BIHAR","PITHEAD","KAHALGAON TPS","NTPC LIMITED.","CENTRAL",2340,15,38.4,0,14.46,14.46,0,"Critical","Super Critical",NA
2009-02-06,"EASTERN","JHARKHAND","RAIL","PATRATU TPS","JHARKHAND STATE ELECTRICITY BOARD","STATE",770,20,5,0,27.96,27.96,6,"Critical",NA,NA
2009-02-06,"EASTERN","JHARKHAND","ROAD","TENUGHAT TPS","TENUGHAT VIDYUT NIGAM LIMITED","STATE",420,20,6.1,0,10,10,2,"Critical","Super Critical",NA
2009-02-06,"EASTERN","JHARKHAND","RAIL","BOKARO `B` TPS","DAMODAR VALLEY CORPORATION","CENTRAL",630,20,9.5,0,112.03,112.03,12,NA,NA,NA
2009-02-06,"EASTERN","JHARKHAND","RAIL","CHANDRAPURA(DVC) TPS","DAMODAR VALLEY CORPORATION","CENTRAL",890,20,6.3,0,82.67,82.67,13,NA,NA,NA
2009-02-06,"EASTERN","ORISSA","PITHEAD","IB VALLEY TPS","ORISSA POWER GENERATION CORPORATION LIMITED","STATE",420,15,9.5,0,185.46,185.46,20,NA,NA,NA
2009-02-06,"EASTERN","ORISSA","PITHEAD","TALCHER (OLD) TPS","NTPC LIMITED.","CENTRAL",470,15,8.9,0,55.94,55.94,6,"Critical",NA,NA
2009-02-06,"EASTERN","ORISSA","PITHEAD","TALCHER STPS","NTPC LIMITED.","CENTRAL",3000,15,64.3,0,135.6,135.6,2,"Critical","Super Critical",NA
2009-02-06,"EASTERN","WEST BENGAL","RAIL","DURGAPUR TPS","DAMODAR VALLEY CORPORATION","CENTRAL",340,20,5.7,0,166.74,166.74,29,NA,NA,NA
2009-02-06,"EASTERN","WEST BENGAL","RAIL","MEJIA TPS","DAMODAR VALLEY CORPORATION","CENTRAL",2340,20,24.3,0,2,2,0,"Critical","Super Critical",NA
2009-02-06,"EASTERN","WEST BENGAL","RAIL","BAKRESWAR TPS","WEST BENGAL POWER DEVELOPMENT CORP. LIMITED","STATE",1050,25,12.5,0,179.96,179.96,14,NA,NA,NA
2009-02-06,"EASTERN","WEST BENGAL","RAIL","BANDEL TPS","WEST BENGAL POWER DEVELOPMENT CORP. LIMITED","STATE",450,20,5.7,0,0,0,0,"Critical","Super Critical",NA
2009-02-06,"EASTERN","WEST BENGAL","RAIL","D.P.L. TPS","DURGAPUR PROJECTS LIMITED","STATE",630,20,10.7,0,46.16,46.16,4,"Critical",NA,NA
2009-02-06,"EASTERN","WEST BENGAL","RAIL","KOLAGHAT TPS","WEST BENGAL POWER DEVELOPMENT CORP. LIMITED","STATE",1260,25,21.3,0,232.01,232.01,11,NA,NA,NA
2009-02-06,"EASTERN","WEST BENGAL","RAIL","SAGARDIGHI TPS","WEST BENGAL POWER DEVELOPMENT CORP. LIMITED","STATE",600,20,7.9,0,2.75,2.75,0,"Critical","Super Critical",NA
2009-02-06,"EASTERN","WEST BENGAL","RAIL","SANTALDIH TPS","WEST BENGAL POWER DEVELOPMENT CORP. LIMITED","STATE",980,20,8.2,0,108.9,108.9,13,NA,NA,NA
2009-02-06,"EASTERN","WEST BENGAL","RAIL","BUDGE BUDGE TPS","CALCUTTA ELECTRIC SUPPLY CO. LTD.","PRIVATE",750,20,7.9,0,104.28,104.28,13,NA,NA,NA
2009-02-06,"EASTERN","WEST BENGAL","RAIL","NEW COSSIPORE TPS","CALCUTTA ELECTRIC SUPPLY CO. LTD.","PRIVATE",160,20,1.4,0,17.03,17.03,12,NA,NA,NA
2009-02-06,"EASTERN","WEST BENGAL","RAIL","SOUTHERN REPL. TPS","CALCUTTA ELECTRIC SUPPLY CO. LTD.","PRIVATE",135,25,2.5,0,44.55,44.55,18,NA,NA,NA
2009-02-06,"EASTERN","WEST BENGAL","RAIL","TITAGARH TPS","CALCUTTA ELECTRIC SUPPLY CO. LTD.","PRIVATE",240,20,3.9,0,62.5,62.5,16,NA,NA,NA
2009-02-06,"EASTERN","WEST BENGAL","RAIL","FARAKKA STPS","NTPC LIMITED.","CENTRAL",2100,15,37.5,0,46.69,46.69,1,"Critical","Super Critical",NA
2009-02-07,"NORTHERN","DELHI","RAIL","I.P.  T.P.S.","INDRAPRASTHA  POWER GENERATION COMPANY LIMITED","STATE",247.5,25,3.4,0,44.99,44.99,13,NA,NA,NA
2009-02-07,"NORTHERN","DELHI","RAIL","RAJGHAT TPS","INDRAPRASTHA  POWER GENERATION COMPANY LIMITED","STATE",135,25,2.3,0,82.44,82.44,36,NA,NA,NA
2009-02-07,"NORTHERN","DELHI","RAIL","BADARPUR TPS","NTPC LIMITED.","CENTRAL",705,30,14.8,0,75.23,75.23,5,"Critical",NA,NA
2009-02-07,"NORTHERN","HARYANA","RAIL","FARIDABAD TPS.","HARYANA POWER  GENERATION CORPORATION LIMITED","STATE",55,25,2.1,0,45.05,45.05,21,NA,NA,NA
2009-02-07,"NORTHERN","HARYANA","RAIL","PANIPAT TPS","HARYANA POWER  GENERATION CORPORATION LIMITED","STATE",1360,25,26.8,0,22.67,22.67,1,"Critical","Super Critical",NA
2009-02-07,"NORTHERN","HARYANA","RAIL","YAMUNA NAGAR TPS","HARYANA POWER  GENERATION CORPORATION LIMITED","STATE",600,25,10.7,0,42.33,42.33,4,"Critical",NA,NA
2009-02-07,"NORTHERN","PUNJAB","RAIL","GH TPS (LEH.MOH.)","PUNJAB STATE POWER CORP. LTD.","STATE",920,30,15.5,0,46.28,46.28,3,"Critical","Super Critical",NA
2009-02-07,"NORTHERN","PUNJAB","RAIL","GND TPS(BHATINDA)","PUNJAB STATE POWER CORP. LTD.","STATE",440,30,7,0,38.61,38.61,6,"Critical",NA,NA
2009-02-07,"NORTHERN","PUNJAB","RAIL","ROPAR TPS","PUNJAB STATE POWER CORP. LTD.","STATE",1260,30,22.1,0,98.98,98.98,4,"Critical",NA,NA
2009-02-07,"NORTHERN","RAJASTHAN","RAIL","KOTA TPS","RAJASTHAN RAJYA VIDYUT UTPADAN NIGAM LIMITED","STATE",1240,30,21.6,34.02,214.92,248.94,12,NA,NA,NA
2009-02-07,"NORTHERN","RAJASTHAN","RAIL","SURATGARH TPS","RAJASTHAN RAJYA VIDYUT UTPADAN NIGAM LIMITED","STATE",1500,30,27,0,156.28,156.28,6,"Critical",NA,NA
2009-02-07,"NORTHERN","UTTAR PRADESH","PITHEAD","ANPARA TPS","UTTAR PRADESH RAJYA VIDYUT UTPADAN NIGAM LIMITED","STATE",1630,15,28.6,0,140.97,140.97,5,"Critical",NA,NA
2009-02-07,"NORTHERN","UTTAR PRADESH","RAIL","HARDUAGANJ TPS","UTTAR PRADESH RAJYA VIDYUT UTPADAN NIGAM LIMITED","STATE",665,25,3.2,0,3.38,3.38,1,"Critical","Super Critical",NA
2009-02-07,"NORTHERN","UTTAR PRADESH","RAIL","OBRA TPS","UTTAR PRADESH RAJYA VIDYUT UTPADAN NIGAM LIMITED","STATE",1278,20,16.1,0,135.78,135.78,8,NA,NA,NA
2009-02-07,"NORTHERN","UTTAR PRADESH","RAIL","PANKI TPS","UTTAR PRADESH RAJYA VIDYUT UTPADAN NIGAM LIMITED","STATE",210,30,4.3,0,6,6,1,"Critical","Super Critical",NA
2009-02-07,"NORTHERN","UTTAR PRADESH","RAIL","PARICHHA TPS","UTTAR PRADESH RAJYA VIDYUT UTPADAN NIGAM LIMITED","STATE",1140,30,12.5,0,14.53,14.53,1,"Critical","Super Critical",NA
2009-02-07,"NORTHERN","UTTAR PRADESH","RAIL","DADRI (NCTPP)","NTPC LIMITED.","CENTRAL",1820,30,16.1,0,133.46,133.46,8,NA,NA,NA
2009-02-07,"NORTHERN","UTTAR PRADESH","PITHEAD","RIHAND STPS","NTPC LIMITED.","CENTRAL",3000,15,38.2,0,375.34,375.34,10,NA,NA,NA
2009-02-07,"NORTHERN","UTTAR PRADESH","PITHEAD","SINGRAULI STPS","NTPC LIMITED.","CENTRAL",2000,15,34.3,0,314.1,314.1,9,NA,NA,NA
2009-02-07,"NORTHERN","UTTAR PRADESH","RAIL","TANDA TPS","NTPC LIMITED.","CENTRAL",440,25,8.9,0,106.62,106.62,12,NA,NA,NA
2009-02-07,"NORTHERN","UTTAR PRADESH","RAIL","UNCHAHAR TPS","NTPC LIMITED.","CENTRAL",1050,25,21.4,0,114.12,114.12,5,"Critical",NA,NA
2009-02-07,"WESTERN","CHHATTISGARH","RAIL","DSPM TPS","CHHATTISGARH STATE POWER GENERATION CO. LTD.","STATE",500,15,9.6,0,88.19,88.19,9,NA,NA,NA
2009-02-07,"WESTERN","CHHATTISGARH","PITHEAD","KORBA-II","CHHATTISGARH STATE POWER GENERATION CO. LTD.","STATE",440,15,8.6,0,104.65,104.65,12,NA,NA,NA
2009-02-07,"WESTERN","CHHATTISGARH","PITHEAD","KORBA-WEST TPS","CHHATTISGARH STATE POWER GENERATION CO. LTD.","STATE",1340,15,13.2,0,276.1,276.1,21,NA,NA,NA
2009-02-07,"WESTERN","CHHATTISGARH","PITHEAD","KORBA STPS","NTPC LIMITED.","CENTRAL",2600,15,34.3,0,493.79,493.79,14,NA,NA,NA
2009-02-07,"WESTERN","CHHATTISGARH","RAIL","SIPAT STPS","NTPC LIMITED.","CENTRAL",2980,20,16.8,0,27.75,27.75,2,"Critical","Super Critical",NA
2009-02-07,"WESTERN","GUJARAT","RAIL","GANDHI NAGAR TPS","GUJARAT STATE ELECTRICITY CORPORATION LIMITED","STATE",870,30,13.6,0,31.08,31.08,2,"Critical","Super Critical",NA
2009-02-07,"WESTERN","GUJARAT","RAIL","SIKKA REP. TPS","GUJARAT STATE ELECTRICITY CORPORATION LIMITED","STATE",240,30,4.6,27.96,35.31,63.27,14,NA,NA,NA
2009-02-07,"WESTERN","GUJARAT","RAIL","UKAI TPS","GUJARAT STATE ELECTRICITY CORPORATION LIMITED","STATE",1350,30,13.9,0,68.9,68.9,5,"Critical",NA,NA
2009-02-07,"WESTERN","GUJARAT","RAIL","WANAKBORI TPS","GUJARAT STATE ELECTRICITY CORPORATION LIMITED","STATE",1470,30,25.7,0,46.05,46.05,2,"Critical","Super Critical",NA
2009-02-07,"WESTERN","GUJARAT","RAIL","SABARMATI (C STATION)","TORRENT POWER LTD","PRIVATE",400,30,4.6,0,8.73,8.73,2,"Critical","Super Critical",NA
2009-02-07,"WESTERN","MADHYA PRADESH","PITHEAD","AMAR KANTAK","M. P. POWER GENERATING CORPORATION LIMITED","STATE",490,15,6.3,0,91.67,91.67,15,NA,NA,NA
2009-02-07,"WESTERN","MADHYA PRADESH","RAIL","SANJAY GANDHI TPS","M. P. POWER GENERATING CORPORATION LIMITED","STATE",1340,20,19.6,0,50.06,50.06,3,"Critical","Super Critical",NA
2009-02-07,"WESTERN","MADHYA PRADESH","RAIL","SATPURA TPS","M. P. POWER GENERATING CORPORATION LIMITED","STATE",1330,20,22.5,0,41.06,41.06,2,"Critical","Super Critical",NA
2009-02-07,"WESTERN","MADHYA PRADESH","PITHEAD","VINDHYACHAL STPS","NTPC LIMITED.","CENTRAL",4260,15,55.4,0,242.01,242.01,4,"Critical",NA,NA
2009-02-07,"WESTERN","MAHARASHTRA","RAIL","BHUSAWAL TPS","MAHARASHTRA STATE POWER GENERATION COMPANY LIMITED","STATE",1420,25,8.4,0,13.77,13.77,2,"Critical","Super Critical",NA
2009-02-07,"WESTERN","MAHARASHTRA","RAIL","CHANDRAPUR(MAHARASHTRA) STPS","MAHARASHTRA STATE POWER GENERATION COMPANY LIMITED","STATE",2340,20,38.2,0,25.8,25.8,1,"Critical","Super Critical",NA
2009-02-07,"WESTERN","MAHARASHTRA","RAIL","KHAPARKHEDA TPS","MAHARASHTRA STATE POWER GENERATION COMPANY LIMITED","STATE",1340,20,15.9,0,68.19,68.19,4,"Critical",NA,NA
2009-02-07,"WESTERN","MAHARASHTRA","RAIL","KORADI TPS","MAHARASHTRA STATE POWER GENERATION COMPANY LIMITED","STATE",1040,25,19.8,0,36.87,36.87,2,"Critical","Super Critical",NA
2009-02-07,"WESTERN","MAHARASHTRA","RAIL","NASIK TPS","MAHARASHTRA STATE POWER GENERATION COMPANY LIMITED","STATE",630,25,15.5,0,26.04,26.04,2,"Critical","Super Critical",NA
2009-02-07,"WESTERN","MAHARASHTRA","RAIL","PARLI TPS","MAHARASHTRA STATE POWER GENERATION COMPANY LIMITED","STATE",1130,25,16.1,0,140.42,140.42,9,NA,NA,NA
2009-02-07,"WESTERN","MAHARASHTRA","RAIL","PARAS TPS","MAHARASHTRA STATE POWER GENERATION COMPANY LIMITED","STATE",500,20,6.3,0,29.52,29.52,5,"Critical",NA,NA
2009-02-07,"WESTERN","MAHARASHTRA","RAIL","DAHANU TPS","RELIANCE INFRASTRUCTURE LTD.","PRIVATE",500,25,10.4,35.77,46.19,81.95,8,NA,NA,NA
2009-02-07,"SOUTHERN","ANDHRA PRADESH","RAIL","Dr. N.TATA RAO TPS","ANDHRA PRADESH POWER GENERATION CORP. LIMITED.","STATE",1760,25,22,0,111.82,111.82,5,"Critical",NA,NA
2009-02-07,"SOUTHERN","ANDHRA PRADESH","RAIL","KOTHAGUDEM TPS","ANDHRA PRADESH POWER GENERATION CORP. LIMITED.","STATE",1720,20,21.4,0,176.15,176.15,8,NA,NA,NA
2009-02-07,"SOUTHERN","ANDHRA PRADESH","ROAD","RAMAGUNDEM - B TPS","ANDHRA PRADESH POWER GENERATION CORP. LIMITED.","STATE",62.5,20,0.9,0,17.49,17.49,20,NA,NA,NA
2009-02-07,"SOUTHERN","ANDHRA PRADESH","RAIL","RAYALASEEMA TPS","ANDHRA PRADESH POWER GENERATION CORP. LIMITED.","STATE",1050,25,16.9,0,53.95,53.95,3,"Critical","Super Critical",NA
2009-02-07,"SOUTHERN","ANDHRA PRADESH","PITHEAD","RAMAGUNDEM STPS","NTPC LIMITED.","CENTRAL",2600,15,42,0,514.89,514.89,12,NA,NA,NA
2009-02-07,"SOUTHERN","ANDHRA PRADESH","RAIL","SIMHADRI","NTPC LIMITED.","CENTRAL",2000,25,20.7,0,208.46,208.46,10,NA,NA,NA
2009-02-07,"SOUTHERN","KARNATAKA","RAIL","RAICHUR TPS","KARNATAKA POWER CORPORATION LIMITED","STATE",1720,30,31,0,524.54,524.54,17,NA,NA,NA
2009-02-07,"SOUTHERN","TAMIL NADU","INTER MODAL","ENNORE TPS","TAMIL NADU GENERATION & DISTRIBUTION CORP. LTD.","STATE",450,30,8.2,0,34.94,34.94,4,"Critical",NA,NA
2009-02-07,"SOUTHERN","TAMIL NADU","INTER MODAL","METTUR TPS","TAMIL NADU GENERATION & DISTRIBUTION CORP. LTD.","STATE",1440,30,15.1,45.42,38.98,84.39,6,"Critical",NA,NA
2009-02-07,"SOUTHERN","TAMIL NADU","INTER MODAL","NORTH CHENNAI TPS","TAMIL NADU GENERATION & DISTRIBUTION CORP. LTD.","STATE",1830,30,11.2,40.28,29.45,69.73,6,"Critical",NA,NA
2009-02-07,"SOUTHERN","TAMIL NADU","INTER MODAL","TUTICORIN TPS","TAMIL NADU GENERATION & DISTRIBUTION CORP. LTD.","STATE",1050,30,18.7,33.57,109.26,142.83,8,NA,NA,NA
2009-02-07,"EASTERN","BIHAR","RAIL","BARAUNI TPS","BIHAR STATE ELECTRICITY BOARD","STATE",210,20,0.7,0,21.39,21.39,30,NA,NA,NA
2009-02-07,"EASTERN","BIHAR","RAIL","MUZAFFARPUR TPS","KANTI BIJLEE UTPADAN NIGAM LTD.","CENTRAL",220,20,1.1,0,8,8,7,NA,NA,NA
2009-02-07,"EASTERN","BIHAR","PITHEAD","KAHALGAON TPS","NTPC LIMITED.","CENTRAL",2340,15,38.4,0,14.66,14.66,0,"Critical","Super Critical",NA
2009-02-07,"EASTERN","JHARKHAND","RAIL","PATRATU TPS","JHARKHAND STATE ELECTRICITY BOARD","STATE",770,20,5,0,28.48,28.48,6,"Critical",NA,NA
2009-02-07,"EASTERN","JHARKHAND","ROAD","TENUGHAT TPS","TENUGHAT VIDYUT NIGAM LIMITED","STATE",420,20,6.1,0,10,10,2,"Critical","Super Critical",NA
2009-02-07,"EASTERN","JHARKHAND","RAIL","BOKARO `B` TPS","DAMODAR VALLEY CORPORATION","CENTRAL",630,20,9.5,0,112.03,112.03,12,NA,NA,NA
2009-02-07,"EASTERN","JHARKHAND","RAIL","CHANDRAPURA(DVC) TPS","DAMODAR VALLEY CORPORATION","CENTRAL",890,20,6.3,0,82.67,82.67,13,NA,NA,NA
2009-02-07,"EASTERN","ORISSA","PITHEAD","IB VALLEY TPS","ORISSA POWER GENERATION CORPORATION LIMITED","STATE",420,15,9.5,0,187.39,187.39,20,NA,NA,NA
2009-02-07,"EASTERN","ORISSA","PITHEAD","TALCHER (OLD) TPS","NTPC LIMITED.","CENTRAL",470,15,8.9,0,54.93,54.93,6,"Critical",NA,NA
2009-02-07,"EASTERN","ORISSA","PITHEAD","TALCHER STPS","NTPC LIMITED.","CENTRAL",3000,15,64.3,0,148.84,148.84,2,"Critical","Super Critical",NA
2009-02-07,"EASTERN","WEST BENGAL","RAIL","DURGAPUR TPS","DAMODAR VALLEY CORPORATION","CENTRAL",340,20,5.7,0,166.74,166.74,29,NA,NA,NA
2009-02-07,"EASTERN","WEST BENGAL","RAIL","MEJIA TPS","DAMODAR VALLEY CORPORATION","CENTRAL",2340,20,24.3,0,2,2,0,"Critical","Super Critical",NA
2009-02-07,"EASTERN","WEST BENGAL","RAIL","BAKRESWAR TPS","WEST BENGAL POWER DEVELOPMENT CORP. LIMITED","STATE",1050,25,12.5,0,181.49,181.49,15,NA,NA,NA
2009-02-07,"EASTERN","WEST BENGAL","RAIL","BANDEL TPS","WEST BENGAL POWER DEVELOPMENT CORP. LIMITED","STATE",450,20,5.7,0,0,0,0,"Critical","Super Critical",NA
2009-02-07,"EASTERN","WEST BENGAL","RAIL","D.P.L. TPS","DURGAPUR PROJECTS LIMITED","STATE",630,20,10.7,0,46.16,46.16,4,"Critical",NA,NA
2009-02-07,"EASTERN","WEST BENGAL","RAIL","KOLAGHAT TPS","WEST BENGAL POWER DEVELOPMENT CORP. LIMITED","STATE",1260,25,21.3,0,230.51,230.51,11,NA,NA,NA
2009-02-07,"EASTERN","WEST BENGAL","RAIL","SAGARDIGHI TPS","WEST BENGAL POWER DEVELOPMENT CORP. LIMITED","STATE",600,20,7.9,0,1.8,1.8,0,"Critical","Super Critical",NA
2009-02-07,"EASTERN","WEST BENGAL","RAIL","SANTALDIH TPS","WEST BENGAL POWER DEVELOPMENT CORP. LIMITED","STATE",980,20,8.2,0,112.42,112.42,14,NA,NA,NA
2009-02-07,"EASTERN","WEST BENGAL","RAIL","BUDGE BUDGE TPS","CALCUTTA ELECTRIC SUPPLY CO. LTD.","PRIVATE",750,20,7.9,0,108.59,108.59,14,NA,NA,NA
2009-02-07,"EASTERN","WEST BENGAL","RAIL","NEW COSSIPORE TPS","CALCUTTA ELECTRIC SUPPLY CO. LTD.","PRIVATE",160,20,1.4,0,19.72,19.72,14,NA,NA,NA
2009-02-07,"EASTERN","WEST BENGAL","RAIL","SOUTHERN REPL. TPS","CALCUTTA ELECTRIC SUPPLY CO. LTD.","PRIVATE",135,25,2.5,0,46.35,46.35,19,NA,NA,NA
2009-02-07,"EASTERN","WEST BENGAL","RAIL","TITAGARH TPS","CALCUTTA ELECTRIC SUPPLY CO. LTD.","PRIVATE",240,20,3.9,0,63.47,63.47,16,NA,NA,NA
2009-02-07,"EASTERN","WEST BENGAL","RAIL","FARAKKA STPS","NTPC LIMITED.","CENTRAL",2100,15,37.5,0,49.43,49.43,1,"Critical","Super Critical",NA
2009-02-08,"NORTHERN","DELHI","RAIL","I.P.  T.P.S.","INDRAPRASTHA  POWER GENERATION COMPANY LIMITED","STATE",247.5,25,3.4,0,44.44,44.44,13,NA,NA,NA
2009-02-08,"NORTHERN","DELHI","RAIL","RAJGHAT TPS","INDRAPRASTHA  POWER GENERATION COMPANY LIMITED","STATE",135,25,2.3,0,81.5,81.5,35,NA,NA,NA
2009-02-08,"NORTHERN","DELHI","RAIL","BADARPUR TPS","NTPC LIMITED.","CENTRAL",705,30,14.8,0,76.79,76.79,5,"Critical",NA,"Less Receipt - CCL"
2009-02-08,"NORTHERN","HARYANA","RAIL","FARIDABAD TPS.","HARYANA POWER  GENERATION CORPORATION LIMITED","STATE",55,25,2.1,0,46.48,46.48,22,NA,NA,NA
2009-02-08,"NORTHERN","HARYANA","RAIL","PANIPAT TPS","HARYANA POWER  GENERATION CORPORATION LIMITED","STATE",1360,25,26.8,0,22.67,22.67,1,"Critical","Super Critical","Less Receipt - CCL"
2009-02-08,"NORTHERN","HARYANA","RAIL","YAMUNA NAGAR TPS","HARYANA POWER  GENERATION CORPORATION LIMITED","STATE",600,25,10.7,0,47.35,47.35,4,"Critical",NA,"Inadequate linkage"
2009-02-08,"NORTHERN","PUNJAB","RAIL","GH TPS (LEH.MOH.)","PUNJAB STATE POWER CORP. LTD.","STATE",920,30,15.5,0,43.69,43.69,3,"Critical","Super Critical","Inadequate linkage"
2009-02-08,"NORTHERN","PUNJAB","RAIL","GND TPS(BHATINDA)","PUNJAB STATE POWER CORP. LTD.","STATE",440,30,7,0,41,41,6,"Critical",NA,"Less Receipt - CCL"
2009-02-08,"NORTHERN","PUNJAB","RAIL","ROPAR TPS","PUNJAB STATE POWER CORP. LTD.","STATE",1260,30,22.1,0,94.92,94.92,4,"Critical",NA,"Inadequate linkage"
2009-02-08,"NORTHERN","RAJASTHAN","RAIL","KOTA TPS","RAJASTHAN RAJYA VIDYUT UTPADAN NIGAM LIMITED","STATE",1240,30,21.6,32.09,217.11,249.2,12,NA,NA,NA
2009-02-08,"NORTHERN","RAJASTHAN","RAIL","SURATGARH TPS","RAJASTHAN RAJYA VIDYUT UTPADAN NIGAM LIMITED","STATE",1500,30,27,0,163.09,163.09,6,"Critical",NA,"Inadequate linkage"
2009-02-08,"NORTHERN","UTTAR PRADESH","PITHEAD","ANPARA TPS","UTTAR PRADESH RAJYA VIDYUT UTPADAN NIGAM LIMITED","STATE",1630,15,28.6,0,143.6,143.6,5,"Critical",NA,"Inadequate linkage"
2009-02-08,"NORTHERN","UTTAR PRADESH","RAIL","HARDUAGANJ TPS","UTTAR PRADESH RAJYA VIDYUT UTPADAN NIGAM LIMITED","STATE",665,25,3.2,0,10.1,10.1,3,"Critical","Super Critical","Inadequate linkage"
2009-02-08,"NORTHERN","UTTAR PRADESH","RAIL","OBRA TPS","UTTAR PRADESH RAJYA VIDYUT UTPADAN NIGAM LIMITED","STATE",1278,20,16.1,0,141.15,141.15,9,NA,NA,NA
2009-02-08,"NORTHERN","UTTAR PRADESH","RAIL","PANKI TPS","UTTAR PRADESH RAJYA VIDYUT UTPADAN NIGAM LIMITED","STATE",210,30,4.3,0,8.85,8.85,2,"Critical","Super Critical","Inadequate linkage"
2009-02-08,"NORTHERN","UTTAR PRADESH","RAIL","PARICHHA TPS","UTTAR PRADESH RAJYA VIDYUT UTPADAN NIGAM LIMITED","STATE",1140,30,12.5,0,13.16,13.16,1,"Critical","Super Critical","Less receipt-CCL"
2009-02-08,"NORTHERN","UTTAR PRADESH","RAIL","DADRI (NCTPP)","NTPC LIMITED.","CENTRAL",1820,30,16.1,0,141.94,141.94,9,NA,NA,NA
2009-02-08,"NORTHERN","UTTAR PRADESH","PITHEAD","RIHAND STPS","NTPC LIMITED.","CENTRAL",3000,15,38.2,0,389.43,389.43,10,NA,NA,NA
2009-02-08,"NORTHERN","UTTAR PRADESH","PITHEAD","SINGRAULI STPS","NTPC LIMITED.","CENTRAL",2000,15,34.3,0,318.69,318.69,9,NA,NA,NA
2009-02-08,"NORTHERN","UTTAR PRADESH","RAIL","TANDA TPS","NTPC LIMITED.","CENTRAL",440,25,8.9,0,109.94,109.94,12,NA,NA,NA
2009-02-08,"NORTHERN","UTTAR PRADESH","RAIL","UNCHAHAR TPS","NTPC LIMITED.","CENTRAL",1050,25,21.4,0,116.66,116.66,5,"Critical",NA,"Less receipt-CCL"
2009-02-08,"WESTERN","CHHATTISGARH","RAIL","DSPM TPS","CHHATTISGARH STATE POWER GENERATION CO. LTD.","STATE",500,15,9.6,0,83.64,83.64,9,NA,NA,NA
2009-02-08,"WESTERN","CHHATTISGARH","PITHEAD","KORBA-II","CHHATTISGARH STATE POWER GENERATION CO. LTD.","STATE",440,15,8.6,0,101.52,101.52,12,NA,NA,NA
2009-02-08,"WESTERN","CHHATTISGARH","PITHEAD","KORBA-WEST TPS","CHHATTISGARH STATE POWER GENERATION CO. LTD.","STATE",1340,15,13.2,0,275.86,275.86,21,NA,NA,NA
2009-02-08,"WESTERN","CHHATTISGARH","PITHEAD","KORBA STPS","NTPC LIMITED.","CENTRAL",2600,15,34.3,0,488.17,488.17,14,NA,NA,NA
2009-02-08,"WESTERN","CHHATTISGARH","RAIL","SIPAT STPS","NTPC LIMITED.","CENTRAL",2980,20,16.8,0,24.57,24.57,1,"Critical","Super Critical","Less Receipt - SECL"
2009-02-08,"WESTERN","GUJARAT","RAIL","GANDHI NAGAR TPS","GUJARAT STATE ELECTRICITY CORPORATION LIMITED","STATE",870,30,13.6,0,36.48,36.48,3,"Critical","Super Critical","Less Receipt - SECL"
2009-02-08,"WESTERN","GUJARAT","RAIL","SIKKA REP. TPS","GUJARAT STATE ELECTRICITY CORPORATION LIMITED","STATE",240,30,4.6,27.36,33.78,61.14,13,NA,NA,NA
2009-02-08,"WESTERN","GUJARAT","RAIL","UKAI TPS","GUJARAT STATE ELECTRICITY CORPORATION LIMITED","STATE",1350,30,13.9,0,69.47,69.47,5,"Critical",NA,"Less Receipt - SECL"
2009-02-08,"WESTERN","GUJARAT","RAIL","WANAKBORI TPS","GUJARAT STATE ELECTRICITY CORPORATION LIMITED","STATE",1470,30,25.7,0,48.33,48.33,2,"Critical","Super Critical","Inadequate linkage"
2009-02-08,"WESTERN","GUJARAT","RAIL","SABARMATI (C STATION)","TORRENT POWER LTD","PRIVATE",400,30,4.6,0,7.85,7.85,2,"Critical","Super Critical","Inadequate linkage"
2009-02-08,"WESTERN","MADHYA PRADESH","PITHEAD","AMAR KANTAK","M. P. POWER GENERATING CORPORATION LIMITED","STATE",490,15,6.3,0,93.09,93.09,15,NA,NA,NA
2009-02-08,"WESTERN","MADHYA PRADESH","RAIL","SANJAY GANDHI TPS","M. P. POWER GENERATING CORPORATION LIMITED","STATE",1340,20,19.6,0,51.86,51.86,3,"Critical","Super Critical","Inadequate linkage"
2009-02-08,"WESTERN","MADHYA PRADESH","RAIL","SATPURA TPS","M. P. POWER GENERATING CORPORATION LIMITED","STATE",1330,20,22.5,0,37.81,37.81,2,"Critical","Super Critical","Less Receipt - WCL"
2009-02-08,"WESTERN","MADHYA PRADESH","PITHEAD","VINDHYACHAL STPS","NTPC LIMITED.","CENTRAL",4260,15,55.4,0,236.34,236.34,4,"Critical",NA,"Inadequate linkage"
2009-02-08,"WESTERN","MAHARASHTRA","RAIL","BHUSAWAL TPS","MAHARASHTRA STATE POWER GENERATION COMPANY LIMITED","STATE",1420,25,8.4,0,13.82,13.82,2,"Critical","Super Critical","Inadequate linkage"
2009-02-08,"WESTERN","MAHARASHTRA","RAIL","CHANDRAPUR(MAHARASHTRA) STPS","MAHARASHTRA STATE POWER GENERATION COMPANY LIMITED","STATE",2340,20,38.2,0,24.58,24.58,1,"Critical","Super Critical","Inadequate linkage"
2009-02-08,"WESTERN","MAHARASHTRA","RAIL","KHAPARKHEDA TPS","MAHARASHTRA STATE POWER GENERATION COMPANY LIMITED","STATE",1340,20,15.9,0,69.01,69.01,4,"Critical",NA,"Less Receipt"
2009-02-08,"WESTERN","MAHARASHTRA","RAIL","KORADI TPS","MAHARASHTRA STATE POWER GENERATION COMPANY LIMITED","STATE",1040,25,19.8,0,38.32,38.32,2,"Critical","Super Critical","Less Receipt -SECL"
2009-02-08,"WESTERN","MAHARASHTRA","RAIL","NASIK TPS","MAHARASHTRA STATE POWER GENERATION COMPANY LIMITED","STATE",630,25,15.5,0,27.1,27.1,2,"Critical","Super Critical","Inadequate linkage"
2009-02-08,"WESTERN","MAHARASHTRA","RAIL","PARLI TPS","MAHARASHTRA STATE POWER GENERATION COMPANY LIMITED","STATE",1130,25,16.1,0,141.29,141.29,9,NA,NA,NA
2009-02-08,"WESTERN","MAHARASHTRA","RAIL","PARAS TPS","MAHARASHTRA STATE POWER GENERATION COMPANY LIMITED","STATE",500,20,6.3,0,31.24,31.24,5,"Critical",NA,"Less Receipt"
2009-02-08,"WESTERN","MAHARASHTRA","RAIL","DAHANU TPS","RELIANCE INFRASTRUCTURE LTD.","PRIVATE",500,25,10.4,34.45,47.75,82.2,8,NA,NA,NA
2009-02-08,"SOUTHERN","ANDHRA PRADESH","RAIL","Dr. N.TATA RAO TPS","ANDHRA PRADESH POWER GENERATION CORP. LIMITED.","STATE",1760,25,22,0,105,105,5,"Critical",NA,"Inadequate linkage"
2009-02-08,"SOUTHERN","ANDHRA PRADESH","RAIL","KOTHAGUDEM TPS","ANDHRA PRADESH POWER GENERATION CORP. LIMITED.","STATE",1720,20,21.4,0,172.13,172.13,8,NA,NA,NA
2009-02-08,"SOUTHERN","ANDHRA PRADESH","ROAD","RAMAGUNDEM - B TPS","ANDHRA PRADESH POWER GENERATION CORP. LIMITED.","STATE",62.5,20,0.9,0,17.53,17.53,20,NA,NA,NA
2009-02-08,"SOUTHERN","ANDHRA PRADESH","RAIL","RAYALASEEMA TPS","ANDHRA PRADESH POWER GENERATION CORP. LIMITED.","STATE",1050,25,16.9,0,44.32,44.32,3,"Critical","Super Critical","Inadequate linkage"
2009-02-08,"SOUTHERN","ANDHRA PRADESH","PITHEAD","RAMAGUNDEM STPS","NTPC LIMITED.","CENTRAL",2600,15,42,0,517.74,517.74,12,NA,NA,NA
2009-02-08,"SOUTHERN","ANDHRA PRADESH","RAIL","SIMHADRI","NTPC LIMITED.","CENTRAL",2000,25,20.7,0,213.71,213.71,10,NA,NA,NA
2009-02-08,"SOUTHERN","KARNATAKA","RAIL","RAICHUR TPS","KARNATAKA POWER CORPORATION LIMITED","STATE",1720,30,31,0,527.75,527.75,17,NA,NA,NA
2009-02-08,"SOUTHERN","TAMIL NADU","INTER MODAL","ENNORE TPS","TAMIL NADU GENERATION & DISTRIBUTION CORP. LTD.","STATE",450,30,8.2,0,34.4,34.4,4,"Critical",NA,"Less Receipt -MCL"
2009-02-08,"SOUTHERN","TAMIL NADU","INTER MODAL","METTUR TPS","TAMIL NADU GENERATION & DISTRIBUTION CORP. LTD.","STATE",1440,30,15.1,49.64,31,80.64,5,"Critical",NA,"Less Receipt"
2009-02-08,"SOUTHERN","TAMIL NADU","INTER MODAL","NORTH CHENNAI TPS","TAMIL NADU GENERATION & DISTRIBUTION CORP. LTD.","STATE",1830,30,11.2,37.84,22.08,59.92,5,"Critical",NA,"Less Receipt -MCL"
2009-02-08,"SOUTHERN","TAMIL NADU","INTER MODAL","TUTICORIN TPS","TAMIL NADU GENERATION & DISTRIBUTION CORP. LTD.","STATE",1050,30,18.7,31.11,118.14,149.25,8,NA,NA,NA
2009-02-08,"EASTERN","BIHAR","RAIL","BARAUNI TPS","BIHAR STATE ELECTRICITY BOARD","STATE",210,20,0.7,0,20,20,28,NA,NA,NA
2009-02-08,"EASTERN","BIHAR","RAIL","MUZAFFARPUR TPS","KANTI BIJLEE UTPADAN NIGAM LTD.","CENTRAL",220,20,1.1,0,8,8,7,NA,NA,NA
2009-02-08,"EASTERN","BIHAR","PITHEAD","KAHALGAON TPS","NTPC LIMITED.","CENTRAL",2340,15,38.4,0,17.04,17.04,0,"Critical","Super Critical","Less Receipt - ECL"
2009-02-08,"EASTERN","JHARKHAND","RAIL","PATRATU TPS","JHARKHAND STATE ELECTRICITY BOARD","STATE",770,20,5,0,25.55,25.55,5,"Critical",NA,"Less Receipt"
2009-02-08,"EASTERN","JHARKHAND","ROAD","TENUGHAT TPS","TENUGHAT VIDYUT NIGAM LIMITED","STATE",420,20,6.1,0,25.93,25.93,4,"Critical",NA,"Inadequate linkage"
2009-02-08,"EASTERN","JHARKHAND","RAIL","BOKARO `B` TPS","DAMODAR VALLEY CORPORATION","CENTRAL",630,20,9.5,0,113.41,113.41,12,NA,NA,NA
2009-02-08,"EASTERN","JHARKHAND","RAIL","CHANDRAPURA(DVC) TPS","DAMODAR VALLEY CORPORATION","CENTRAL",890,20,6.3,0,87.71,87.71,14,NA,NA,NA
2009-02-08,"EASTERN","ORISSA","PITHEAD","IB VALLEY TPS","ORISSA POWER GENERATION CORPORATION LIMITED","STATE",420,15,9.5,0,189.7,189.7,20,NA,NA,NA
2009-02-08,"EASTERN","ORISSA","PITHEAD","TALCHER (OLD) TPS","NTPC LIMITED.","CENTRAL",470,15,8.9,0,52.9,52.9,6,"Critical",NA,"Inadequate linkage"
2009-02-08,"EASTERN","ORISSA","PITHEAD","TALCHER STPS","NTPC LIMITED.","CENTRAL",3000,15,64.3,0,149.02,149.02,2,"Critical","Super Critical","Inadequate linkage"
2009-02-08,"EASTERN","WEST BENGAL","RAIL","DURGAPUR TPS","DAMODAR VALLEY CORPORATION","CENTRAL",340,20,5.7,0,171.2,171.2,30,NA,NA,NA
2009-02-08,"EASTERN","WEST BENGAL","RAIL","MEJIA TPS","DAMODAR VALLEY CORPORATION","CENTRAL",2340,20,24.3,0,9.65,9.65,0,"Critical","Super Critical","Unloading Constraint"
2009-02-08,"EASTERN","WEST BENGAL","RAIL","BAKRESWAR TPS","WEST BENGAL POWER DEVELOPMENT CORP. LIMITED","STATE",1050,25,12.5,0,190.12,190.12,15,NA,NA,NA
2009-02-08,"EASTERN","WEST BENGAL","RAIL","BANDEL TPS","WEST BENGAL POWER DEVELOPMENT CORP. LIMITED","STATE",450,20,5.7,0,1.2,1.2,0,"Critical","Super Critical","Inadequate linkage"
2009-02-08,"EASTERN","WEST BENGAL","RAIL","D.P.L. TPS","DURGAPUR PROJECTS LIMITED","STATE",630,20,10.7,0,46.16,46.16,4,"Critical",NA,"Less receipt - EMTA"
2009-02-08,"EASTERN","WEST BENGAL","RAIL","KOLAGHAT TPS","WEST BENGAL POWER DEVELOPMENT CORP. LIMITED","STATE",1260,25,21.3,0,232,232,11,NA,NA,NA
2009-02-08,"EASTERN","WEST BENGAL","RAIL","SAGARDIGHI TPS","WEST BENGAL POWER DEVELOPMENT CORP. LIMITED","STATE",600,20,7.9,0,5.01,5.01,1,"Critical","Super Critical","Inadequate linkage"
2009-02-08,"EASTERN","WEST BENGAL","RAIL","SANTALDIH TPS","WEST BENGAL POWER DEVELOPMENT CORP. LIMITED","STATE",980,20,8.2,0,112.62,112.62,14,NA,NA,NA
2009-02-08,"EASTERN","WEST BENGAL","RAIL","BUDGE BUDGE TPS","CALCUTTA ELECTRIC SUPPLY CO. LTD.","PRIVATE",750,20,7.9,0,109.48,109.48,14,NA,NA,NA
2009-02-08,"EASTERN","WEST BENGAL","RAIL","NEW COSSIPORE TPS","CALCUTTA ELECTRIC SUPPLY CO. LTD.","PRIVATE",160,20,1.4,0,22.86,22.86,16,NA,NA,NA
2009-02-08,"EASTERN","WEST BENGAL","RAIL","SOUTHERN REPL. TPS","CALCUTTA ELECTRIC SUPPLY CO. LTD.","PRIVATE",135,25,2.5,0,44.46,44.46,18,NA,NA,NA
2009-02-08,"EASTERN","WEST BENGAL","RAIL","TITAGARH TPS","CALCUTTA ELECTRIC SUPPLY CO. LTD.","PRIVATE",240,20,3.9,0,60.62,60.62,15,NA,NA,NA
2009-02-08,"EASTERN","WEST BENGAL","RAIL","FARAKKA STPS","NTPC LIMITED.","CENTRAL",2100,15,37.5,0,57.22,57.22,2,"Critical","Super Critical","Less Receipt - ECL"
2009-02-09,"NORTHERN","DELHI","RAIL","I.P.  T.P.S.","INDRAPRASTHA  POWER GENERATION COMPANY LIMITED","STATE",247.5,25,3.4,0,43.8,43.8,13,NA,NA,NA
2009-02-09,"NORTHERN","DELHI","RAIL","RAJGHAT TPS","INDRAPRASTHA  POWER GENERATION COMPANY LIMITED","STATE",135,25,2.3,0,86.41,86.41,37,NA,NA,NA
2009-02-09,"NORTHERN","DELHI","RAIL","BADARPUR TPS","NTPC LIMITED.","CENTRAL",705,30,14.8,0,63.57,63.57,4,"Critical",NA,"Less Receipt - CCL"
2009-02-09,"NORTHERN","HARYANA","RAIL","FARIDABAD TPS.","HARYANA POWER  GENERATION CORPORATION LIMITED","STATE",55,25,2.1,0,44.46,44.46,21,NA,NA,NA
2009-02-09,"NORTHERN","HARYANA","RAIL","PANIPAT TPS","HARYANA POWER  GENERATION CORPORATION LIMITED","STATE",1360,25,26.8,0,21.68,21.68,1,"Critical","Super Critical","Less Receipt - CCL"
2009-02-09,"NORTHERN","HARYANA","RAIL","YAMUNA NAGAR TPS","HARYANA POWER  GENERATION CORPORATION LIMITED","STATE",600,25,10.7,0,50,50,5,"Critical",NA,"Inadequate linkage"
2009-02-09,"NORTHERN","PUNJAB","RAIL","GH TPS (LEH.MOH.)","PUNJAB STATE POWER CORP. LTD.","STATE",920,30,15.5,0,40.63,40.63,3,"Critical","Super Critical","Inadequate linkage"
2009-02-09,"NORTHERN","PUNJAB","RAIL","GND TPS(BHATINDA)","PUNJAB STATE POWER CORP. LTD.","STATE",440,30,7,0,43.04,43.04,6,"Critical",NA,"Less Receipt - CCL"
2009-02-09,"NORTHERN","PUNJAB","RAIL","ROPAR TPS","PUNJAB STATE POWER CORP. LTD.","STATE",1260,30,22.1,0,87.86,87.86,4,"Critical",NA,"Inadequate linkage"
2009-02-09,"NORTHERN","RAJASTHAN","RAIL","KOTA TPS","RAJASTHAN RAJYA VIDYUT UTPADAN NIGAM LIMITED","STATE",1240,30,21.6,31.27,206.9,238.16,11,NA,NA,NA
2009-02-09,"NORTHERN","RAJASTHAN","RAIL","SURATGARH TPS","RAJASTHAN RAJYA VIDYUT UTPADAN NIGAM LIMITED","STATE",1500,30,27,0,162.69,162.69,6,"Critical",NA,"Inadequate linkage"
2009-02-09,"NORTHERN","UTTAR PRADESH","PITHEAD","ANPARA TPS","UTTAR PRADESH RAJYA VIDYUT UTPADAN NIGAM LIMITED","STATE",1630,15,28.6,0,146.07,146.07,5,"Critical",NA,"Inadequate linkage"
2009-02-09,"NORTHERN","UTTAR PRADESH","RAIL","HARDUAGANJ TPS","UTTAR PRADESH RAJYA VIDYUT UTPADAN NIGAM LIMITED","STATE",665,25,3.2,0,7.51,7.51,2,"Critical","Super Critical","Inadequate linkage"
2009-02-09,"NORTHERN","UTTAR PRADESH","RAIL","OBRA TPS","UTTAR PRADESH RAJYA VIDYUT UTPADAN NIGAM LIMITED","STATE",1278,20,16.1,0,148.13,148.13,9,NA,NA,NA
2009-02-09,"NORTHERN","UTTAR PRADESH","RAIL","PANKI TPS","UTTAR PRADESH RAJYA VIDYUT UTPADAN NIGAM LIMITED","STATE",210,30,4.3,0,11.58,11.58,3,"Critical","Super Critical","Inadequate linkage"
2009-02-09,"NORTHERN","UTTAR PRADESH","RAIL","PARICHHA TPS","UTTAR PRADESH RAJYA VIDYUT UTPADAN NIGAM LIMITED","STATE",1140,30,12.5,0,16.77,16.77,1,"Critical","Super Critical","Less receipt-CCL"
2009-02-09,"NORTHERN","UTTAR PRADESH","RAIL","DADRI (NCTPP)","NTPC LIMITED.","CENTRAL",1820,30,16.1,0,139.82,139.82,9,NA,NA,NA
2009-02-09,"NORTHERN","UTTAR PRADESH","PITHEAD","RIHAND STPS","NTPC LIMITED.","CENTRAL",3000,15,38.2,0,396.35,396.35,10,NA,NA,NA
2009-02-09,"NORTHERN","UTTAR PRADESH","PITHEAD","SINGRAULI STPS","NTPC LIMITED.","CENTRAL",2000,15,34.3,0,323.61,323.61,9,NA,NA,NA
2009-02-09,"NORTHERN","UTTAR PRADESH","RAIL","TANDA TPS","NTPC LIMITED.","CENTRAL",440,25,8.9,0,113.13,113.13,13,NA,NA,NA
2009-02-09,"NORTHERN","UTTAR PRADESH","RAIL","UNCHAHAR TPS","NTPC LIMITED.","CENTRAL",1050,25,21.4,0,119.27,119.27,6,"Critical",NA,"Less receipt-CCL"
2009-02-09,"WESTERN","CHHATTISGARH","RAIL","DSPM TPS","CHHATTISGARH STATE POWER GENERATION CO. LTD.","STATE",500,15,9.6,0,86.86,86.86,9,NA,NA,NA
2009-02-09,"WESTERN","CHHATTISGARH","PITHEAD","KORBA-II","CHHATTISGARH STATE POWER GENERATION CO. LTD.","STATE",440,15,8.6,0,98.8,98.8,12,NA,NA,NA
2009-02-09,"WESTERN","CHHATTISGARH","PITHEAD","KORBA-WEST TPS","CHHATTISGARH STATE POWER GENERATION CO. LTD.","STATE",1340,15,13.2,0,272.61,272.61,21,NA,NA,NA
2009-02-09,"WESTERN","CHHATTISGARH","PITHEAD","KORBA STPS","NTPC LIMITED.","CENTRAL",2600,15,34.3,0,484.13,484.13,14,NA,NA,NA
2009-02-09,"WESTERN","CHHATTISGARH","RAIL","SIPAT STPS","NTPC LIMITED.","CENTRAL",2980,20,16.8,0,27.87,27.87,2,"Critical","Super Critical","Less Receipt - SECL"
2009-02-09,"WESTERN","GUJARAT","RAIL","GANDHI NAGAR TPS","GUJARAT STATE ELECTRICITY CORPORATION LIMITED","STATE",870,30,13.6,0,37.75,37.75,3,"Critical","Super Critical","Less Receipt - SECL"
2009-02-09,"WESTERN","GUJARAT","RAIL","SIKKA REP. TPS","GUJARAT STATE ELECTRICITY CORPORATION LIMITED","STATE",240,30,4.6,26.73,32.26,59,13,NA,NA,NA
2009-02-09,"WESTERN","GUJARAT","RAIL","UKAI TPS","GUJARAT STATE ELECTRICITY CORPORATION LIMITED","STATE",1350,30,13.9,0,71.27,71.27,5,"Critical",NA,"Less Receipt - SECL"
2009-02-09,"WESTERN","GUJARAT","RAIL","WANAKBORI TPS","GUJARAT STATE ELECTRICITY CORPORATION LIMITED","STATE",1470,30,25.7,0,52.8,52.8,2,"Critical","Super Critical","Inadequate linkage"
2009-02-09,"WESTERN","GUJARAT","RAIL","SABARMATI (C STATION)","TORRENT POWER LTD","PRIVATE",400,30,4.6,0,7.03,7.03,2,"Critical","Super Critical","Inadequate linkage"
2009-02-09,"WESTERN","MADHYA PRADESH","PITHEAD","AMAR KANTAK","M. P. POWER GENERATING CORPORATION LIMITED","STATE",490,15,6.3,0,93.85,93.85,15,NA,NA,NA
2009-02-09,"WESTERN","MADHYA PRADESH","RAIL","SANJAY GANDHI TPS","M. P. POWER GENERATING CORPORATION LIMITED","STATE",1340,20,19.6,0,55.53,55.53,3,"Critical","Super Critical","Inadequate linkage"
2009-02-09,"WESTERN","MADHYA PRADESH","RAIL","SATPURA TPS","M. P. POWER GENERATING CORPORATION LIMITED","STATE",1330,20,22.5,0,37.85,37.85,2,"Critical","Super Critical","Less Receipt - WCL"
2009-02-09,"WESTERN","MADHYA PRADESH","PITHEAD","VINDHYACHAL STPS","NTPC LIMITED.","CENTRAL",4260,15,55.4,0,235.06,235.06,4,"Critical",NA,"Inadequate linkage"
2009-02-09,"WESTERN","MAHARASHTRA","RAIL","BHUSAWAL TPS","MAHARASHTRA STATE POWER GENERATION COMPANY LIMITED","STATE",1420,25,8.4,0,17.87,17.87,2,"Critical","Super Critical","Inadequate linkage"
2009-02-09,"WESTERN","MAHARASHTRA","RAIL","CHANDRAPUR(MAHARASHTRA) STPS","MAHARASHTRA STATE POWER GENERATION COMPANY LIMITED","STATE",2340,20,38.2,0,31.52,31.52,1,"Critical","Super Critical","Inadequate linkage"
2009-02-09,"WESTERN","MAHARASHTRA","RAIL","KHAPARKHEDA TPS","MAHARASHTRA STATE POWER GENERATION COMPANY LIMITED","STATE",1340,20,15.9,0,70.32,70.32,4,"Critical",NA,"Less Receipt"
2009-02-09,"WESTERN","MAHARASHTRA","RAIL","KORADI TPS","MAHARASHTRA STATE POWER GENERATION COMPANY LIMITED","STATE",1040,25,19.8,0,41.94,41.94,2,"Critical","Super Critical","Less Receipt -SECL"
2009-02-09,"WESTERN","MAHARASHTRA","RAIL","NASIK TPS","MAHARASHTRA STATE POWER GENERATION COMPANY LIMITED","STATE",630,25,15.5,0,28.8,28.8,2,"Critical","Super Critical","Inadequate linkage"
2009-02-09,"WESTERN","MAHARASHTRA","RAIL","PARLI TPS","MAHARASHTRA STATE POWER GENERATION COMPANY LIMITED","STATE",1130,25,16.1,0,138.99,138.99,9,NA,NA,NA
2009-02-09,"WESTERN","MAHARASHTRA","RAIL","PARAS TPS","MAHARASHTRA STATE POWER GENERATION COMPANY LIMITED","STATE",500,20,6.3,0,27.76,27.76,4,"Critical",NA,"Less Receipt"
2009-02-09,"WESTERN","MAHARASHTRA","RAIL","DAHANU TPS","RELIANCE INFRASTRUCTURE LTD.","PRIVATE",500,25,10.4,32.54,45.82,78.36,8,NA,NA,NA
2009-02-09,"SOUTHERN","ANDHRA PRADESH","RAIL","Dr. N.TATA RAO TPS","ANDHRA PRADESH POWER GENERATION CORP. LIMITED.","STATE",1760,25,22,0,92.65,92.65,4,"Critical",NA,"Inadequate linkage"
2009-02-09,"SOUTHERN","ANDHRA PRADESH","RAIL","KOTHAGUDEM TPS","ANDHRA PRADESH POWER GENERATION CORP. LIMITED.","STATE",1720,20,21.4,0,175.24,175.24,8,NA,NA,NA
2009-02-09,"SOUTHERN","ANDHRA PRADESH","ROAD","RAMAGUNDEM - B TPS","ANDHRA PRADESH POWER GENERATION CORP. LIMITED.","STATE",62.5,20,0.9,0,17.64,17.64,20,NA,NA,NA
2009-02-09,"SOUTHERN","ANDHRA PRADESH","RAIL","RAYALASEEMA TPS","ANDHRA PRADESH POWER GENERATION CORP. LIMITED.","STATE",1050,25,16.9,0,41.84,41.84,2,"Critical","Super Critical","Inadequate linkage"
2009-02-09,"SOUTHERN","ANDHRA PRADESH","PITHEAD","RAMAGUNDEM STPS","NTPC LIMITED.","CENTRAL",2600,15,42,0,520.8,520.8,12,NA,NA,NA
2009-02-09,"SOUTHERN","ANDHRA PRADESH","RAIL","SIMHADRI","NTPC LIMITED.","CENTRAL",2000,25,20.7,0,214.49,214.49,10,NA,NA,NA
2009-02-09,"SOUTHERN","KARNATAKA","RAIL","RAICHUR TPS","KARNATAKA POWER CORPORATION LIMITED","STATE",1720,30,31,0,527.75,527.75,17,NA,NA,NA
2009-02-09,"SOUTHERN","TAMIL NADU","INTER MODAL","ENNORE TPS","TAMIL NADU GENERATION & DISTRIBUTION CORP. LTD.","STATE",450,30,8.2,0,33.85,33.85,4,"Critical",NA,"Less Receipt -MCL"
2009-02-09,"SOUTHERN","TAMIL NADU","INTER MODAL","METTUR TPS","TAMIL NADU GENERATION & DISTRIBUTION CORP. LTD.","STATE",1440,30,15.1,50.59,35.52,86.11,6,"Critical",NA,"Less Receipt"
2009-02-09,"SOUTHERN","TAMIL NADU","INTER MODAL","NORTH CHENNAI TPS","TAMIL NADU GENERATION & DISTRIBUTION CORP. LTD.","STATE",1830,30,11.2,35.78,39.51,75.29,7,NA,NA,NA
2009-02-09,"SOUTHERN","TAMIL NADU","INTER MODAL","TUTICORIN TPS","TAMIL NADU GENERATION & DISTRIBUTION CORP. LTD.","STATE",1050,30,18.7,33.44,117.98,151.43,8,NA,NA,NA
2009-02-09,"EASTERN","BIHAR","RAIL","BARAUNI TPS","BIHAR STATE ELECTRICITY BOARD","STATE",210,20,0.7,0,18.37,18.37,26,NA,NA,NA
2009-02-09,"EASTERN","BIHAR","RAIL","MUZAFFARPUR TPS","KANTI BIJLEE UTPADAN NIGAM LTD.","CENTRAL",220,20,1.1,0,8,8,7,NA,NA,NA
2009-02-09,"EASTERN","BIHAR","PITHEAD","KAHALGAON TPS","NTPC LIMITED.","CENTRAL",2340,15,38.4,0,13.98,13.98,0,"Critical","Super Critical","Less Receipt - ECL"
2009-02-09,"EASTERN","JHARKHAND","RAIL","PATRATU TPS","JHARKHAND STATE ELECTRICITY BOARD","STATE",770,20,5,0,22.57,22.57,5,"Critical",NA,"Less Receipt"
2009-02-09,"EASTERN","JHARKHAND","ROAD","TENUGHAT TPS","TENUGHAT VIDYUT NIGAM LIMITED","STATE",420,20,6.1,0,25.93,25.93,4,"Critical",NA,"Inadequate linkage"
2009-02-09,"EASTERN","JHARKHAND","RAIL","BOKARO `B` TPS","DAMODAR VALLEY CORPORATION","CENTRAL",630,20,9.5,0,106.87,106.87,11,NA,NA,NA
2009-02-09,"EASTERN","JHARKHAND","RAIL","CHANDRAPURA(DVC) TPS","DAMODAR VALLEY CORPORATION","CENTRAL",890,20,6.3,0,89.53,89.53,14,NA,NA,NA
2009-02-09,"EASTERN","ORISSA","PITHEAD","IB VALLEY TPS","ORISSA POWER GENERATION CORPORATION LIMITED","STATE",420,15,9.5,0,189.99,189.99,20,NA,NA,NA
2009-02-09,"EASTERN","ORISSA","PITHEAD","TALCHER (OLD) TPS","NTPC LIMITED.","CENTRAL",470,15,8.9,0,53.52,53.52,6,"Critical",NA,"Inadequate linkage"
2009-02-09,"EASTERN","ORISSA","PITHEAD","TALCHER STPS","NTPC LIMITED.","CENTRAL",3000,15,64.3,0,150.16,150.16,2,"Critical","Super Critical","Inadequate linkage"
2009-02-09,"EASTERN","WEST BENGAL","RAIL","DURGAPUR TPS","DAMODAR VALLEY CORPORATION","CENTRAL",340,20,5.7,0,166.02,166.02,29,NA,NA,NA
2009-02-09,"EASTERN","WEST BENGAL","RAIL","MEJIA TPS","DAMODAR VALLEY CORPORATION","CENTRAL",2340,20,24.3,0,5.68,5.68,0,"Critical","Super Critical","Unloading Constraint"
2009-02-09,"EASTERN","WEST BENGAL","RAIL","BAKRESWAR TPS","WEST BENGAL POWER DEVELOPMENT CORP. LIMITED","STATE",1050,25,12.5,0,192.02,192.02,15,NA,NA,NA
2009-02-09,"EASTERN","WEST BENGAL","RAIL","BANDEL TPS","WEST BENGAL POWER DEVELOPMENT CORP. LIMITED","STATE",450,20,5.7,0,0,0,0,"Critical","Super Critical","Inadequate linkage"
2009-02-09,"EASTERN","WEST BENGAL","RAIL","D.P.L. TPS","DURGAPUR PROJECTS LIMITED","STATE",630,20,10.7,0,46.16,46.16,4,"Critical",NA,"Less receipt - EMTA"
2009-02-09,"EASTERN","WEST BENGAL","RAIL","KOLAGHAT TPS","WEST BENGAL POWER DEVELOPMENT CORP. LIMITED","STATE",1260,25,21.3,0,237.82,237.82,11,NA,NA,NA
2009-02-09,"EASTERN","WEST BENGAL","RAIL","SAGARDIGHI TPS","WEST BENGAL POWER DEVELOPMENT CORP. LIMITED","STATE",600,20,7.9,0,4.37,4.37,1,"Critical","Super Critical","Inadequate linkage"
2009-02-09,"EASTERN","WEST BENGAL","RAIL","SANTALDIH TPS","WEST BENGAL POWER DEVELOPMENT CORP. LIMITED","STATE",980,20,8.2,0,111.31,111.31,14,NA,NA,NA
2009-02-09,"EASTERN","WEST BENGAL","RAIL","BUDGE BUDGE TPS","CALCUTTA ELECTRIC SUPPLY CO. LTD.","PRIVATE",750,20,7.9,0,111.69,111.69,14,NA,NA,NA
2009-02-09,"EASTERN","WEST BENGAL","RAIL","NEW COSSIPORE TPS","CALCUTTA ELECTRIC SUPPLY CO. LTD.","PRIVATE",160,20,1.4,0,21.77,21.77,15,NA,NA,NA
2009-02-09,"EASTERN","WEST BENGAL","RAIL","SOUTHERN REPL. TPS","CALCUTTA ELECTRIC SUPPLY CO. LTD.","PRIVATE",135,25,2.5,0,49.94,49.94,20,NA,NA,NA
2009-02-09,"EASTERN","WEST BENGAL","RAIL","TITAGARH TPS","CALCUTTA ELECTRIC SUPPLY CO. LTD.","PRIVATE",240,20,3.9,0,61.2,61.2,16,NA,NA,NA
2009-02-09,"EASTERN","WEST BENGAL","RAIL","FARAKKA STPS","NTPC LIMITED.","CENTRAL",2100,15,37.5,0,60.15,60.15,2,"Critical","Super Critical","Less Receipt - ECL"
2009-02-10,"NORTHERN","UTTAR PRADESH","RAIL","PANKI TPS","UTTAR PRADESH RAJYA VIDYUT UTPADAN NIGAM LIMITED","STATE",210,30,4.3,0,10.96,10.96,3,"Critical","Super Critical","Inadequate linkage"
2009-02-10,"NORTHERN","UTTAR PRADESH","RAIL","PARICHHA TPS","UTTAR PRADESH RAJYA VIDYUT UTPADAN NIGAM LIMITED","STATE",1140,30,12.5,0,18.49,18.49,1,"Critical","Super Critical","Less receipt-CCL"
2009-02-10,"NORTHERN","UTTAR PRADESH","RAIL","DADRI (NCTPP)","NTPC LIMITED.","CENTRAL",1820,30,16.1,0,145.52,145.52,9,NA,NA,NA
2009-02-10,"NORTHERN","UTTAR PRADESH","PITHEAD","RIHAND STPS","NTPC LIMITED.","CENTRAL",3000,15,38.2,0,399.56,399.56,10,NA,NA,NA
2009-02-10,"NORTHERN","UTTAR PRADESH","PITHEAD","SINGRAULI STPS","NTPC LIMITED.","CENTRAL",2000,15,34.3,0,322.12,322.12,9,NA,NA,NA
2009-02-10,"NORTHERN","UTTAR PRADESH","RAIL","TANDA TPS","NTPC LIMITED.","CENTRAL",440,25,8.9,0,112.63,112.63,13,NA,NA,NA
2009-02-10,"NORTHERN","UTTAR PRADESH","RAIL","UNCHAHAR TPS","NTPC LIMITED.","CENTRAL",1050,25,21.4,0,118.58,118.58,6,"Critical",NA,"Less receipt-CCL"
2009-02-10,"WESTERN","CHHATTISGARH","RAIL","DSPM TPS","CHHATTISGARH STATE POWER GENERATION CO. LTD.","STATE",500,15,9.6,0,86.86,86.86,9,NA,NA,NA
2009-02-10,"WESTERN","CHHATTISGARH","PITHEAD","KORBA-II","CHHATTISGARH STATE POWER GENERATION CO. LTD.","STATE",440,15,8.6,0,98.8,98.8,12,NA,NA,NA
2009-02-10,"WESTERN","CHHATTISGARH","PITHEAD","KORBA-WEST TPS","CHHATTISGARH STATE POWER GENERATION CO. LTD.","STATE",1340,15,13.2,0,272.61,272.61,21,NA,NA,NA
2009-02-10,"WESTERN","CHHATTISGARH","PITHEAD","KORBA STPS","NTPC LIMITED.","CENTRAL",2600,15,34.3,0,480.52,480.52,14,NA,NA,NA
2009-02-10,"WESTERN","CHHATTISGARH","RAIL","SIPAT STPS","NTPC LIMITED.","CENTRAL",2980,20,16.8,0,26.03,26.03,2,"Critical","Super Critical","Less Receipt - SECL"
2009-02-10,"WESTERN","GUJARAT","RAIL","GANDHI NAGAR TPS","GUJARAT STATE ELECTRICITY CORPORATION LIMITED","STATE",870,30,13.6,0,38.11,38.11,3,"Critical","Super Critical","Less Receipt - SECL"
2009-02-10,"WESTERN","GUJARAT","RAIL","SIKKA REP. TPS","GUJARAT STATE ELECTRICITY CORPORATION LIMITED","STATE",240,30,4.6,26.12,30.81,56.92,12,NA,NA,NA
2009-02-10,"WESTERN","GUJARAT","RAIL","UKAI TPS","GUJARAT STATE ELECTRICITY CORPORATION LIMITED","STATE",1350,30,13.9,0,75.47,75.47,5,"Critical",NA,"Less Receipt - SECL"
2009-02-10,"WESTERN","GUJARAT","RAIL","WANAKBORI TPS","GUJARAT STATE ELECTRICITY CORPORATION LIMITED","STATE",1470,30,25.7,0,51.92,51.92,2,"Critical","Super Critical","Inadequate linkage"
2009-02-10,"WESTERN","GUJARAT","RAIL","SABARMATI (C STATION)","TORRENT POWER LTD","PRIVATE",400,30,4.6,0,2.62,2.62,1,"Critical","Super Critical","Inadequate linkage"
2009-02-10,"WESTERN","MADHYA PRADESH","PITHEAD","AMAR KANTAK","M. P. POWER GENERATING CORPORATION LIMITED","STATE",490,15,6.3,0,94.47,94.47,15,NA,NA,NA
2009-02-10,"WESTERN","MADHYA PRADESH","RAIL","SANJAY GANDHI TPS","M. P. POWER GENERATING CORPORATION LIMITED","STATE",1340,20,19.6,0,64.03,64.03,3,"Critical","Super Critical","Inadequate linkage"
2009-02-10,"WESTERN","MADHYA PRADESH","RAIL","SATPURA TPS","M. P. POWER GENERATING CORPORATION LIMITED","STATE",1330,20,22.5,0,36.37,36.37,2,"Critical","Super Critical","Less Receipt - WCL"
2009-02-10,"WESTERN","MADHYA PRADESH","PITHEAD","VINDHYACHAL STPS","NTPC LIMITED.","CENTRAL",4260,15,55.4,0,239.83,239.83,4,"Critical",NA,"Inadequate linkage"
2009-02-10,"WESTERN","MAHARASHTRA","RAIL","BHUSAWAL TPS","MAHARASHTRA STATE POWER GENERATION COMPANY LIMITED","STATE",1420,25,8.4,0,20.63,20.63,2,"Critical","Super Critical","Inadequate linkage"
2009-02-10,"WESTERN","MAHARASHTRA","RAIL","CHANDRAPUR(MAHARASHTRA) STPS","MAHARASHTRA STATE POWER GENERATION COMPANY LIMITED","STATE",2340,20,38.2,0,32.04,32.04,1,"Critical","Super Critical","Inadequate linkage"
2009-02-10,"WESTERN","MAHARASHTRA","RAIL","KHAPARKHEDA TPS","MAHARASHTRA STATE POWER GENERATION COMPANY LIMITED","STATE",1340,20,15.9,0,71.61,71.61,5,"Critical",NA,"Less Receipt"
2009-02-10,"WESTERN","MAHARASHTRA","RAIL","KORADI TPS","MAHARASHTRA STATE POWER GENERATION COMPANY LIMITED","STATE",1040,25,19.8,0,40.4,40.4,2,"Critical","Super Critical","Less Receipt -SECL"
2009-02-10,"WESTERN","MAHARASHTRA","RAIL","NASIK TPS","MAHARASHTRA STATE POWER GENERATION COMPANY LIMITED","STATE",630,25,15.5,0,26.48,26.48,2,"Critical","Super Critical","Inadequate linkage"
2009-02-10,"WESTERN","MAHARASHTRA","RAIL","PARLI TPS","MAHARASHTRA STATE POWER GENERATION COMPANY LIMITED","STATE",1130,25,16.1,0,137.03,137.03,8,NA,NA,NA
2009-02-10,"WESTERN","MAHARASHTRA","RAIL","PARAS TPS","MAHARASHTRA STATE POWER GENERATION COMPANY LIMITED","STATE",500,20,6.3,0,22.51,22.51,4,"Critical",NA,"Less Receipt"
2009-02-10,"WESTERN","MAHARASHTRA","RAIL","DAHANU TPS","RELIANCE INFRASTRUCTURE LTD.","PRIVATE",500,25,10.4,30.46,44.37,74.83,7,NA,NA,NA
2009-02-10,"SOUTHERN","ANDHRA PRADESH","RAIL","Dr. N.TATA RAO TPS","ANDHRA PRADESH POWER GENERATION CORP. LIMITED.","STATE",1760,25,22,0,88.95,88.95,4,"Critical",NA,"Inadequate linkage"
2009-02-10,"SOUTHERN","ANDHRA PRADESH","RAIL","KOTHAGUDEM TPS","ANDHRA PRADESH POWER GENERATION CORP. LIMITED.","STATE",1720,20,21.4,0,177.59,177.59,8,NA,NA,NA
2009-02-10,"SOUTHERN","ANDHRA PRADESH","ROAD","RAMAGUNDEM - B TPS","ANDHRA PRADESH POWER GENERATION CORP. LIMITED.","STATE",62.5,20,0.9,0,17.84,17.84,20,NA,NA,NA
2009-02-10,"SOUTHERN","ANDHRA PRADESH","RAIL","RAYALASEEMA TPS","ANDHRA PRADESH POWER GENERATION CORP. LIMITED.","STATE",1050,25,16.9,0,33.97,33.97,2,"Critical","Super Critical","Inadequate linkage"
2009-02-10,"SOUTHERN","ANDHRA PRADESH","PITHEAD","RAMAGUNDEM STPS","NTPC LIMITED.","CENTRAL",2600,15,42,0,523.17,523.17,12,NA,NA,NA
2009-02-10,"SOUTHERN","ANDHRA PRADESH","RAIL","SIMHADRI","NTPC LIMITED.","CENTRAL",2000,25,20.7,0,223.15,223.15,11,NA,NA,NA
2009-02-10,"SOUTHERN","KARNATAKA","RAIL","RAICHUR TPS","KARNATAKA POWER CORPORATION LIMITED","STATE",1720,30,31,0,528.4,528.4,17,NA,NA,NA
2009-02-10,"SOUTHERN","TAMIL NADU","INTER MODAL","ENNORE TPS","TAMIL NADU GENERATION & DISTRIBUTION CORP. LTD.","STATE",450,30,8.2,0,37.35,37.35,5,"Critical",NA,"Less Receipt -MCL"
2009-02-10,"SOUTHERN","TAMIL NADU","INTER MODAL","METTUR TPS","TAMIL NADU GENERATION & DISTRIBUTION CORP. LTD.","STATE",1440,30,15.1,48.44,38.16,86.6,6,"Critical",NA,"Less Receipt"
2009-02-10,"SOUTHERN","TAMIL NADU","INTER MODAL","NORTH CHENNAI TPS","TAMIL NADU GENERATION & DISTRIBUTION CORP. LTD.","STATE",1830,30,11.2,34.43,52.65,87.08,8,NA,NA,NA
2009-02-10,"SOUTHERN","TAMIL NADU","INTER MODAL","TUTICORIN TPS","TAMIL NADU GENERATION & DISTRIBUTION CORP. LTD.","STATE",1050,30,18.7,39.39,113.7,153.09,8,NA,NA,NA
2009-02-10,"EASTERN","BIHAR","RAIL","BARAUNI TPS","BIHAR STATE ELECTRICITY BOARD","STATE",210,20,0.7,0,16.24,16.24,23,NA,NA,NA
2009-02-10,"EASTERN","BIHAR","RAIL","MUZAFFARPUR TPS","KANTI BIJLEE UTPADAN NIGAM LTD.","CENTRAL",220,20,1.1,0,5.08,5.08,5,"Critical",NA,"Less Receipt"
2009-02-10,"EASTERN","BIHAR","PITHEAD","KAHALGAON TPS","NTPC LIMITED.","CENTRAL",2340,15,38.4,0,16.18,16.18,0,"Critical","Super Critical","Less Receipt - ECL"
2009-02-10,"EASTERN","JHARKHAND","RAIL","PATRATU TPS","JHARKHAND STATE ELECTRICITY BOARD","STATE",770,20,5,0,19.89,19.89,4,"Critical",NA,"Less Receipt"
2009-02-10,"EASTERN","JHARKHAND","ROAD","TENUGHAT TPS","TENUGHAT VIDYUT NIGAM LIMITED","STATE",420,20,6.1,0,25.93,25.93,4,"Critical",NA,"Inadequate linkage"
2009-02-10,"EASTERN","JHARKHAND","RAIL","BOKARO `B` TPS","DAMODAR VALLEY CORPORATION","CENTRAL",630,20,9.5,0,104.47,104.47,11,NA,NA,NA
2009-02-10,"EASTERN","JHARKHAND","RAIL","CHANDRAPURA(DVC) TPS","DAMODAR VALLEY CORPORATION","CENTRAL",890,20,6.3,0,90.82,90.82,15,NA,NA,NA
2009-02-10,"EASTERN","ORISSA","PITHEAD","IB VALLEY TPS","ORISSA POWER GENERATION CORPORATION LIMITED","STATE",420,15,9.5,0,190.16,190.16,20,NA,NA,NA
2009-02-10,"EASTERN","ORISSA","PITHEAD","TALCHER (OLD) TPS","NTPC LIMITED.","CENTRAL",470,15,8.9,0,56.06,56.06,6,"Critical",NA,"Inadequate linkage"
2009-02-10,"EASTERN","ORISSA","PITHEAD","TALCHER STPS","NTPC LIMITED.","CENTRAL",3000,15,64.3,0,154.51,154.51,2,"Critical","Super Critical","Inadequate linkage"
2009-02-10,"EASTERN","WEST BENGAL","RAIL","DURGAPUR TPS","DAMODAR VALLEY CORPORATION","CENTRAL",340,20,5.7,0,160.83,160.83,28,NA,NA,NA
2009-02-10,"EASTERN","WEST BENGAL","RAIL","MEJIA TPS","DAMODAR VALLEY CORPORATION","CENTRAL",2340,20,24.3,0,6.6,6.6,0,"Critical","Super Critical","Unloading Constraint"
2009-02-10,"EASTERN","WEST BENGAL","RAIL","BAKRESWAR TPS","WEST BENGAL POWER DEVELOPMENT CORP. LIMITED","STATE",1050,25,12.5,0,199.41,199.41,16,NA,NA,NA
2009-02-10,"EASTERN","WEST BENGAL","RAIL","BANDEL TPS","WEST BENGAL POWER DEVELOPMENT CORP. LIMITED","STATE",450,20,5.7,0,0,0,0,"Critical","Super Critical","Inadequate linkage"
2009-02-10,"EASTERN","WEST BENGAL","RAIL","D.P.L. TPS","DURGAPUR PROJECTS LIMITED","STATE",630,20,10.7,0,46.16,46.16,4,"Critical",NA,"Less receipt - EMTA"
2009-02-10,"EASTERN","WEST BENGAL","RAIL","KOLAGHAT TPS","WEST BENGAL POWER DEVELOPMENT CORP. LIMITED","STATE",1260,25,21.3,0,238.69,238.69,11,NA,NA,NA
2009-02-10,"EASTERN","WEST BENGAL","RAIL","SAGARDIGHI TPS","WEST BENGAL POWER DEVELOPMENT CORP. LIMITED","STATE",600,20,7.9,0,0.49,0.49,0,"Critical","Super Critical","Inadequate linkage"
2009-02-10,"EASTERN","WEST BENGAL","RAIL","SANTALDIH TPS","WEST BENGAL POWER DEVELOPMENT CORP. LIMITED","STATE",980,20,8.2,0,117.15,117.15,14,NA,NA,NA
2009-02-10,"EASTERN","WEST BENGAL","RAIL","BUDGE BUDGE TPS","CALCUTTA ELECTRIC SUPPLY CO. LTD.","PRIVATE",750,20,7.9,0,116.53,116.53,15,NA,NA,NA
2009-02-10,"EASTERN","WEST BENGAL","RAIL","NEW COSSIPORE TPS","CALCUTTA ELECTRIC SUPPLY CO. LTD.","PRIVATE",160,20,1.4,0,20.62,20.62,14,NA,NA,NA
2009-02-10,"EASTERN","WEST BENGAL","RAIL","SOUTHERN REPL. TPS","CALCUTTA ELECTRIC SUPPLY CO. LTD.","PRIVATE",135,25,2.5,0,51.77,51.77,21,NA,NA,NA
2009-02-10,"EASTERN","WEST BENGAL","RAIL","TITAGARH TPS","CALCUTTA ELECTRIC SUPPLY CO. LTD.","PRIVATE",240,20,3.9,0,61.74,61.74,16,NA,NA,NA
2009-02-10,"EASTERN","WEST BENGAL","RAIL","FARAKKA STPS","NTPC LIMITED.","CENTRAL",2100,15,37.5,0,63.63,63.63,2,"Critical","Super Critical","Less Receipt - ECL"
2009-02-10,"NORTHERN","DELHI","RAIL","I.P.  T.P.S.","INDRAPRASTHA  POWER GENERATION COMPANY LIMITED","STATE",247.5,25,3.4,0,42.57,42.57,13,NA,NA,NA
2009-02-10,"NORTHERN","DELHI","RAIL","RAJGHAT TPS","INDRAPRASTHA  POWER GENERATION COMPANY LIMITED","STATE",135,25,2.3,0,89.77,89.77,39,NA,NA,NA
2009-02-10,"NORTHERN","DELHI","RAIL","BADARPUR TPS","NTPC LIMITED.","CENTRAL",705,30,14.8,0,65.96,65.96,4,"Critical",NA,"Less Receipt - CCL"
2009-02-10,"NORTHERN","HARYANA","RAIL","FARIDABAD TPS.","HARYANA POWER  GENERATION CORPORATION LIMITED","STATE",55,25,2.1,0,42.41,42.41,20,NA,NA,NA
2009-02-10,"NORTHERN","HARYANA","RAIL","PANIPAT TPS","HARYANA POWER  GENERATION CORPORATION LIMITED","STATE",1360,25,26.8,0,25.19,25.19,1,"Critical","Super Critical","Less Receipt - CCL"
2009-02-10,"NORTHERN","HARYANA","RAIL","YAMUNA NAGAR TPS","HARYANA POWER  GENERATION CORPORATION LIMITED","STATE",600,25,10.7,0,41.9,41.9,4,"Critical",NA,"Inadequate linkage"
2009-02-10,"NORTHERN","PUNJAB","RAIL","GH TPS (LEH.MOH.)","PUNJAB STATE POWER CORP. LTD.","STATE",920,30,15.5,0,38.15,38.15,2,"Critical","Super Critical","Inadequate linkage"
2009-02-10,"NORTHERN","PUNJAB","RAIL","GND TPS(BHATINDA)","PUNJAB STATE POWER CORP. LTD.","STATE",440,30,7,0,49.04,49.04,7,NA,NA,NA
2009-02-10,"NORTHERN","PUNJAB","RAIL","ROPAR TPS","PUNJAB STATE POWER CORP. LTD.","STATE",1260,30,22.1,0,96.1,96.1,4,"Critical",NA,"Inadequate linkage"
2009-02-10,"NORTHERN","RAJASTHAN","RAIL","KOTA TPS","RAJASTHAN RAJYA VIDYUT UTPADAN NIGAM LIMITED","STATE",1240,30,21.6,29.7,209.06,238.76,11,NA,NA,NA
2009-02-10,"NORTHERN","RAJASTHAN","RAIL","SURATGARH TPS","RAJASTHAN RAJYA VIDYUT UTPADAN NIGAM LIMITED","STATE",1500,30,27,0,157.73,157.73,6,"Critical",NA,"Inadequate linkage"
2009-02-10,"NORTHERN","UTTAR PRADESH","PITHEAD","ANPARA TPS","UTTAR PRADESH RAJYA VIDYUT UTPADAN NIGAM LIMITED","STATE",1630,15,28.6,0,148.61,148.61,5,"Critical",NA,"Inadequate linkage"
2009-02-10,"NORTHERN","UTTAR PRADESH","RAIL","HARDUAGANJ TPS","UTTAR PRADESH RAJYA VIDYUT UTPADAN NIGAM LIMITED","STATE",665,25,3.2,0,16.16,16.16,5,"Critical",NA,"Inadequate linkage"
2009-02-10,"NORTHERN","UTTAR PRADESH","RAIL","OBRA TPS","UTTAR PRADESH RAJYA VIDYUT UTPADAN NIGAM LIMITED","STATE",1278,20,16.1,0,152.43,152.43,9,NA,NA,NA
2009-02-11,"NORTHERN","DELHI","RAIL","I.P.  T.P.S.","INDRAPRASTHA  POWER GENERATION COMPANY LIMITED","STATE",247.5,25,3.4,0,39.55,39.55,12,NA,NA,NA
2009-02-11,"NORTHERN","DELHI","RAIL","RAJGHAT TPS","INDRAPRASTHA  POWER GENERATION COMPANY LIMITED","STATE",135,25,2.3,0,87.6,87.6,38,NA,NA,NA
2009-02-11,"NORTHERN","DELHI","RAIL","BADARPUR TPS","NTPC LIMITED.","CENTRAL",705,30,14.8,0,68.65,68.65,5,"Critical",NA,"Less Receipt - CCL"
2009-02-11,"NORTHERN","HARYANA","RAIL","FARIDABAD TPS.","HARYANA POWER  GENERATION CORPORATION LIMITED","STATE",55,25,2.1,0,40.32,40.32,19,NA,NA,NA
2009-02-11,"NORTHERN","HARYANA","RAIL","PANIPAT TPS","HARYANA POWER  GENERATION CORPORATION LIMITED","STATE",1360,25,26.8,0,26.31,26.31,1,"Critical","Super Critical","Less Receipt - CCL"
2009-02-11,"NORTHERN","HARYANA","RAIL","YAMUNA NAGAR TPS","HARYANA POWER  GENERATION CORPORATION LIMITED","STATE",600,25,10.7,0,36.94,36.94,3,"Critical","Super Critical","Inadequate linkage"
2009-02-11,"NORTHERN","PUNJAB","RAIL","GH TPS (LEH.MOH.)","PUNJAB STATE POWER CORP. LTD.","STATE",920,30,15.5,0,39.56,39.56,3,"Critical","Super Critical","Inadequate linkage"
2009-02-11,"NORTHERN","PUNJAB","RAIL","GND TPS(BHATINDA)","PUNJAB STATE POWER CORP. LTD.","STATE",440,30,7,0,48.27,48.27,7,NA,NA,NA
2009-02-11,"NORTHERN","PUNJAB","RAIL","ROPAR TPS","PUNJAB STATE POWER CORP. LTD.","STATE",1260,30,22.1,0,89.61,89.61,4,"Critical",NA,"Inadequate linkage"
2009-02-11,"NORTHERN","RAJASTHAN","RAIL","KOTA TPS","RAJASTHAN RAJYA VIDYUT UTPADAN NIGAM LIMITED","STATE",1240,30,21.6,29.7,209.78,239.48,11,NA,NA,NA
2009-02-11,"NORTHERN","RAJASTHAN","RAIL","SURATGARH TPS","RAJASTHAN RAJYA VIDYUT UTPADAN NIGAM LIMITED","STATE",1500,30,27,0,149.9,149.9,6,"Critical",NA,"Inadequate linkage"
2009-02-11,"NORTHERN","UTTAR PRADESH","PITHEAD","ANPARA TPS","UTTAR PRADESH RAJYA VIDYUT UTPADAN NIGAM LIMITED","STATE",1630,15,28.6,0,151.72,151.72,5,"Critical",NA,"Inadequate linkage"
2009-02-11,"NORTHERN","UTTAR PRADESH","RAIL","HARDUAGANJ TPS","UTTAR PRADESH RAJYA VIDYUT UTPADAN NIGAM LIMITED","STATE",665,25,3.2,0,12.83,12.83,4,"Critical",NA,"Inadequate linkage"
2009-02-11,"NORTHERN","UTTAR PRADESH","RAIL","OBRA TPS","UTTAR PRADESH RAJYA VIDYUT UTPADAN NIGAM LIMITED","STATE",1278,20,16.1,0,156.61,156.61,10,NA,NA,NA
2009-02-11,"NORTHERN","UTTAR PRADESH","RAIL","PANKI TPS","UTTAR PRADESH RAJYA VIDYUT UTPADAN NIGAM LIMITED","STATE",210,30,4.3,0,7.4,7.4,2,"Critical","Super Critical","Inadequate linkage"
2009-02-11,"NORTHERN","UTTAR PRADESH","RAIL","PARICHHA TPS","UTTAR PRADESH RAJYA VIDYUT UTPADAN NIGAM LIMITED","STATE",1140,30,12.5,0,16.88,16.88,1,"Critical","Super Critical","Less receipt-CCL"
2009-02-11,"NORTHERN","UTTAR PRADESH","RAIL","DADRI (NCTPP)","NTPC LIMITED.","CENTRAL",1820,30,16.1,0,151.72,151.72,9,NA,NA,NA
2009-02-11,"NORTHERN","UTTAR PRADESH","PITHEAD","RIHAND STPS","NTPC LIMITED.","CENTRAL",3000,15,38.2,0,411.28,411.28,11,NA,NA,NA
2009-02-11,"NORTHERN","UTTAR PRADESH","PITHEAD","SINGRAULI STPS","NTPC LIMITED.","CENTRAL",2000,15,34.3,0,319.3,319.3,9,NA,NA,NA
2009-02-11,"NORTHERN","UTTAR PRADESH","RAIL","TANDA TPS","NTPC LIMITED.","CENTRAL",440,25,8.9,0,112.53,112.53,13,NA,NA,NA
2009-02-11,"NORTHERN","UTTAR PRADESH","RAIL","UNCHAHAR TPS","NTPC LIMITED.","CENTRAL",1050,25,21.4,0,115.29,115.29,5,"Critical",NA,"Less receipt-CCL"
2009-02-11,"WESTERN","CHHATTISGARH","RAIL","DSPM TPS","CHHATTISGARH STATE POWER GENERATION CO. LTD.","STATE",500,15,9.6,0,89.08,89.08,9,NA,NA,NA
2009-02-11,"WESTERN","CHHATTISGARH","PITHEAD","KORBA-II","CHHATTISGARH STATE POWER GENERATION CO. LTD.","STATE",440,15,8.6,0,89.83,89.83,10,NA,NA,NA
2009-02-11,"WESTERN","CHHATTISGARH","PITHEAD","KORBA-WEST TPS","CHHATTISGARH STATE POWER GENERATION CO. LTD.","STATE",1340,15,13.2,0,268.72,268.72,20,NA,NA,NA
2009-02-11,"WESTERN","CHHATTISGARH","PITHEAD","KORBA STPS","NTPC LIMITED.","CENTRAL",2600,15,34.3,0,475.97,475.97,14,NA,NA,NA
2009-02-11,"WESTERN","CHHATTISGARH","RAIL","SIPAT STPS","NTPC LIMITED.","CENTRAL",2980,20,16.8,0,28.78,28.78,2,"Critical","Super Critical","Less Receipt - SECL"
2009-02-11,"WESTERN","GUJARAT","RAIL","GANDHI NAGAR TPS","GUJARAT STATE ELECTRICITY CORPORATION LIMITED","STATE",870,30,13.6,0,36.8,36.8,3,"Critical","Super Critical","Less Receipt - SECL"
2009-02-11,"WESTERN","GUJARAT","RAIL","SIKKA REP. TPS","GUJARAT STATE ELECTRICITY CORPORATION LIMITED","STATE",240,30,4.6,25.73,33.58,59.31,13,NA,NA,NA
2009-02-11,"WESTERN","GUJARAT","RAIL","UKAI TPS","GUJARAT STATE ELECTRICITY CORPORATION LIMITED","STATE",1350,30,13.9,0,75.25,75.25,5,"Critical",NA,"Less Receipt - SECL"
2009-02-11,"WESTERN","GUJARAT","RAIL","WANAKBORI TPS","GUJARAT STATE ELECTRICITY CORPORATION LIMITED","STATE",1470,30,25.7,0,44.97,44.97,2,"Critical","Super Critical","Inadequate linkage"
2009-02-11,"WESTERN","GUJARAT","RAIL","SABARMATI (C STATION)","TORRENT POWER LTD","PRIVATE",400,30,4.6,0,1.99,1.99,0,"Critical","Super Critical","Inadequate linkage"
2009-02-11,"WESTERN","MADHYA PRADESH","PITHEAD","AMAR KANTAK","M. P. POWER GENERATING CORPORATION LIMITED","STATE",490,15,6.3,0,94.49,94.49,15,NA,NA,NA
2009-02-11,"WESTERN","MADHYA PRADESH","RAIL","SANJAY GANDHI TPS","M. P. POWER GENERATING CORPORATION LIMITED","STATE",1340,20,19.6,0,68.35,68.35,3,"Critical","Super Critical","Inadequate linkage"
2009-02-11,"WESTERN","MADHYA PRADESH","RAIL","SATPURA TPS","M. P. POWER GENERATING CORPORATION LIMITED","STATE",1330,20,22.5,0,29.77,29.77,1,"Critical","Super Critical","Less Receipt - WCL"
2009-02-11,"WESTERN","MADHYA PRADESH","PITHEAD","VINDHYACHAL STPS","NTPC LIMITED.","CENTRAL",4260,15,55.4,0,245.65,245.65,4,"Critical",NA,"Inadequate linkage"
2009-02-11,"WESTERN","MAHARASHTRA","RAIL","BHUSAWAL TPS","MAHARASHTRA STATE POWER GENERATION COMPANY LIMITED","STATE",1420,25,8.4,0,19,19,2,"Critical","Super Critical","Inadequate linkage"
2009-02-11,"WESTERN","MAHARASHTRA","RAIL","CHANDRAPUR(MAHARASHTRA) STPS","MAHARASHTRA STATE POWER GENERATION COMPANY LIMITED","STATE",2340,20,38.2,0,29.86,29.86,1,"Critical","Super Critical","Inadequate linkage"
2009-02-11,"WESTERN","MAHARASHTRA","RAIL","KHAPARKHEDA TPS","MAHARASHTRA STATE POWER GENERATION COMPANY LIMITED","STATE",1340,20,15.9,0,71.26,71.26,4,"Critical",NA,"Less Receipt"
2009-02-11,"WESTERN","MAHARASHTRA","RAIL","KORADI TPS","MAHARASHTRA STATE POWER GENERATION COMPANY LIMITED","STATE",1040,25,19.8,0,41.98,41.98,2,"Critical","Super Critical","Less Receipt -SECL"
2009-02-11,"WESTERN","MAHARASHTRA","RAIL","NASIK TPS","MAHARASHTRA STATE POWER GENERATION COMPANY LIMITED","STATE",630,25,15.5,0,22.13,22.13,1,"Critical","Super Critical","Inadequate linkage"
2009-02-11,"WESTERN","MAHARASHTRA","RAIL","PARLI TPS","MAHARASHTRA STATE POWER GENERATION COMPANY LIMITED","STATE",1130,25,16.1,0,142.68,142.68,9,NA,NA,NA
2009-02-11,"WESTERN","MAHARASHTRA","RAIL","PARAS TPS","MAHARASHTRA STATE POWER GENERATION COMPANY LIMITED","STATE",500,20,6.3,0,20.94,20.94,3,"Critical","Super Critical","Less Receipt"
2009-02-11,"WESTERN","MAHARASHTRA","RAIL","DAHANU TPS","RELIANCE INFRASTRUCTURE LTD.","PRIVATE",500,25,10.4,28.36,46.52,74.88,7,NA,NA,NA
2009-02-11,"SOUTHERN","ANDHRA PRADESH","RAIL","Dr. N.TATA RAO TPS","ANDHRA PRADESH POWER GENERATION CORP. LIMITED.","STATE",1760,25,22,0,81.34,81.34,4,"Critical",NA,"Inadequate linkage"
2009-02-11,"SOUTHERN","ANDHRA PRADESH","RAIL","KOTHAGUDEM TPS","ANDHRA PRADESH POWER GENERATION CORP. LIMITED.","STATE",1720,20,21.4,0,174.38,174.38,8,NA,NA,NA
2009-02-11,"SOUTHERN","ANDHRA PRADESH","ROAD","RAMAGUNDEM - B TPS","ANDHRA PRADESH POWER GENERATION CORP. LIMITED.","STATE",62.5,20,0.9,0,18.03,18.03,20,NA,NA,NA
2009-02-11,"SOUTHERN","ANDHRA PRADESH","RAIL","RAYALASEEMA TPS","ANDHRA PRADESH POWER GENERATION CORP. LIMITED.","STATE",1050,25,16.9,0,28.04,28.04,2,"Critical","Super Critical","Inadequate linkage"
2009-02-11,"SOUTHERN","ANDHRA PRADESH","PITHEAD","RAMAGUNDEM STPS","NTPC LIMITED.","CENTRAL",2600,15,42,0,527.67,527.67,13,NA,NA,NA
2009-02-11,"SOUTHERN","ANDHRA PRADESH","RAIL","SIMHADRI","NTPC LIMITED.","CENTRAL",2000,25,20.7,0,221.24,221.24,11,NA,NA,NA
2009-02-11,"SOUTHERN","KARNATAKA","RAIL","RAICHUR TPS","KARNATAKA POWER CORPORATION LIMITED","STATE",1720,30,31,0,528.4,528.4,17,NA,NA,NA
2009-02-11,"SOUTHERN","TAMIL NADU","INTER MODAL","ENNORE TPS","TAMIL NADU GENERATION & DISTRIBUTION CORP. LTD.","STATE",450,30,8.2,0,37.04,37.04,5,"Critical",NA,"Less Receipt -MCL"
2009-02-11,"SOUTHERN","TAMIL NADU","INTER MODAL","METTUR TPS","TAMIL NADU GENERATION & DISTRIBUTION CORP. LTD.","STATE",1440,30,15.1,46.54,41.04,87.57,6,"Critical",NA,"Less Receipt"
2009-02-11,"SOUTHERN","TAMIL NADU","INTER MODAL","NORTH CHENNAI TPS","TAMIL NADU GENERATION & DISTRIBUTION CORP. LTD.","STATE",1830,30,11.2,33.26,54.43,87.68,8,NA,NA,NA
2009-02-11,"SOUTHERN","TAMIL NADU","INTER MODAL","TUTICORIN TPS","TAMIL NADU GENERATION & DISTRIBUTION CORP. LTD.","STATE",1050,30,18.7,45.47,105.7,151.17,8,NA,NA,NA
2009-02-11,"EASTERN","BIHAR","RAIL","BARAUNI TPS","BIHAR STATE ELECTRICITY BOARD","STATE",210,20,0.7,0,14.49,14.49,20,NA,NA,NA
2009-02-11,"EASTERN","BIHAR","RAIL","MUZAFFARPUR TPS","KANTI BIJLEE UTPADAN NIGAM LTD.","CENTRAL",220,20,1.1,0,4.56,4.56,4,"Critical",NA,"Less Receipt"
2009-02-11,"EASTERN","BIHAR","PITHEAD","KAHALGAON TPS","NTPC LIMITED.","CENTRAL",2340,15,38.4,0,25.68,25.68,1,"Critical","Super Critical","Less Receipt - ECL"
2009-02-11,"EASTERN","JHARKHAND","RAIL","PATRATU TPS","JHARKHAND STATE ELECTRICITY BOARD","STATE",770,20,5,0,18.15,18.15,4,"Critical",NA,"Less Receipt"
2009-02-11,"EASTERN","JHARKHAND","ROAD","TENUGHAT TPS","TENUGHAT VIDYUT NIGAM LIMITED","STATE",420,20,6.1,0,15.25,15.25,3,"Critical","Super Critical","Inadequate linkage"
2009-02-11,"EASTERN","JHARKHAND","RAIL","BOKARO `B` TPS","DAMODAR VALLEY CORPORATION","CENTRAL",630,20,9.5,0,107.74,107.74,11,NA,NA,NA
2009-02-11,"EASTERN","JHARKHAND","RAIL","CHANDRAPURA(DVC) TPS","DAMODAR VALLEY CORPORATION","CENTRAL",890,20,6.3,0,92.92,92.92,15,NA,NA,NA
2009-02-11,"EASTERN","ORISSA","PITHEAD","IB VALLEY TPS","ORISSA POWER GENERATION CORPORATION LIMITED","STATE",420,15,9.5,0,188.18,188.18,20,NA,NA,NA
2009-02-11,"EASTERN","ORISSA","PITHEAD","TALCHER (OLD) TPS","NTPC LIMITED.","CENTRAL",470,15,8.9,0,56.92,56.92,6,"Critical",NA,"Inadequate linkage"
2009-02-11,"EASTERN","ORISSA","PITHEAD","TALCHER STPS","NTPC LIMITED.","CENTRAL",3000,15,64.3,0,153.77,153.77,2,"Critical","Super Critical","Inadequate linkage"
2009-02-11,"EASTERN","WEST BENGAL","RAIL","DURGAPUR TPS","DAMODAR VALLEY CORPORATION","CENTRAL",340,20,5.7,0,163.56,163.56,29,NA,NA,NA
2009-02-11,"EASTERN","WEST BENGAL","RAIL","MEJIA TPS","DAMODAR VALLEY CORPORATION","CENTRAL",2340,20,24.3,0,2.41,2.41,0,"Critical","Super Critical","Unloading Constraint"
2009-02-11,"EASTERN","WEST BENGAL","RAIL","BAKRESWAR TPS","WEST BENGAL POWER DEVELOPMENT CORP. LIMITED","STATE",1050,25,12.5,0,201.24,201.24,16,NA,NA,NA
2009-02-11,"EASTERN","WEST BENGAL","RAIL","BANDEL TPS","WEST BENGAL POWER DEVELOPMENT CORP. LIMITED","STATE",450,20,5.7,0,1.75,1.75,0,"Critical","Super Critical","Inadequate linkage"
2009-02-11,"EASTERN","WEST BENGAL","RAIL","D.P.L. TPS","DURGAPUR PROJECTS LIMITED","STATE",630,20,10.7,0,46.16,46.16,4,"Critical",NA,"Less receipt - EMTA"
2009-02-11,"EASTERN","WEST BENGAL","RAIL","KOLAGHAT TPS","WEST BENGAL POWER DEVELOPMENT CORP. LIMITED","STATE",1260,25,21.3,0,238.01,238.01,11,NA,NA,NA
2009-02-11,"EASTERN","WEST BENGAL","RAIL","SAGARDIGHI TPS","WEST BENGAL POWER DEVELOPMENT CORP. LIMITED","STATE",600,20,7.9,0,0,0,0,"Critical","Super Critical","Inadequate linkage"
2009-02-11,"EASTERN","WEST BENGAL","RAIL","SANTALDIH TPS","WEST BENGAL POWER DEVELOPMENT CORP. LIMITED","STATE",980,20,8.2,0,117.54,117.54,14,NA,NA,NA
2009-02-11,"EASTERN","WEST BENGAL","RAIL","BUDGE BUDGE TPS","CALCUTTA ELECTRIC SUPPLY CO. LTD.","PRIVATE",750,20,7.9,0,114,114,15,NA,NA,NA
2009-02-11,"EASTERN","WEST BENGAL","RAIL","NEW COSSIPORE TPS","CALCUTTA ELECTRIC SUPPLY CO. LTD.","PRIVATE",160,20,1.4,0,19.34,19.34,14,NA,NA,NA
2009-02-11,"EASTERN","WEST BENGAL","RAIL","SOUTHERN REPL. TPS","CALCUTTA ELECTRIC SUPPLY CO. LTD.","PRIVATE",135,25,2.5,0,53.5,53.5,21,NA,NA,NA
2009-02-11,"EASTERN","WEST BENGAL","RAIL","TITAGARH TPS","CALCUTTA ELECTRIC SUPPLY CO. LTD.","PRIVATE",240,20,3.9,0,62.04,62.04,16,NA,NA,NA
2009-02-11,"EASTERN","WEST BENGAL","RAIL","FARAKKA STPS","NTPC LIMITED.","CENTRAL",2100,15,37.5,0,71.38,71.38,2,"Critical","Super Critical","Less Receipt - ECL"
2009-02-12,"NORTHERN","DELHI","RAIL","I.P.  T.P.S.","INDRAPRASTHA  POWER GENERATION COMPANY LIMITED","STATE",247.5,25,3.4,0,36.54,36.54,11,NA,NA,NA
2009-02-12,"NORTHERN","DELHI","RAIL","RAJGHAT TPS","INDRAPRASTHA  POWER GENERATION COMPANY LIMITED","STATE",135,25,2.3,0,85.44,85.44,37,NA,NA,NA
2009-02-12,"NORTHERN","DELHI","RAIL","BADARPUR TPS","NTPC LIMITED.","CENTRAL",705,30,14.8,0,67.96,67.96,5,"Critical",NA,"Less Receipt - CCL"
2009-02-12,"NORTHERN","HARYANA","RAIL","FARIDABAD TPS.","HARYANA POWER  GENERATION CORPORATION LIMITED","STATE",55,25,2.1,0,42.76,42.76,20,NA,NA,NA
2009-02-12,"NORTHERN","HARYANA","RAIL","PANIPAT TPS","HARYANA POWER  GENERATION CORPORATION LIMITED","STATE",1360,25,26.8,0,30.43,30.43,1,"Critical","Super Critical","Less Receipt - CCL"
2009-02-12,"NORTHERN","HARYANA","RAIL","YAMUNA NAGAR TPS","HARYANA POWER  GENERATION CORPORATION LIMITED","STATE",600,25,10.7,0,34.46,34.46,3,"Critical","Super Critical","Inadequate linkage"
2009-02-12,"NORTHERN","PUNJAB","RAIL","GH TPS (LEH.MOH.)","PUNJAB STATE POWER CORP. LTD.","STATE",920,30,15.5,0,42.92,42.92,3,"Critical","Super Critical","Inadequate linkage"
2009-02-12,"NORTHERN","PUNJAB","RAIL","GND TPS(BHATINDA)","PUNJAB STATE POWER CORP. LTD.","STATE",440,30,7,0,54.9,54.9,8,NA,NA,NA
2009-02-12,"NORTHERN","PUNJAB","RAIL","ROPAR TPS","PUNJAB STATE POWER CORP. LTD.","STATE",1260,30,22.1,0,94.9,94.9,4,"Critical",NA,"Inadequate linkage"
2009-02-12,"NORTHERN","RAJASTHAN","RAIL","KOTA TPS","RAJASTHAN RAJYA VIDYUT UTPADAN NIGAM LIMITED","STATE",1240,30,21.6,27.11,209.59,236.7,11,NA,NA,NA
2009-02-12,"NORTHERN","RAJASTHAN","RAIL","SURATGARH TPS","RAJASTHAN RAJYA VIDYUT UTPADAN NIGAM LIMITED","STATE",1500,30,27,0,152.12,152.12,6,"Critical",NA,"Inadequate linkage"
2009-02-12,"NORTHERN","UTTAR PRADESH","PITHEAD","ANPARA TPS","UTTAR PRADESH RAJYA VIDYUT UTPADAN NIGAM LIMITED","STATE",1630,15,28.6,0,151.72,151.72,5,"Critical",NA,"Inadequate linkage"
2009-02-12,"NORTHERN","UTTAR PRADESH","RAIL","HARDUAGANJ TPS","UTTAR PRADESH RAJYA VIDYUT UTPADAN NIGAM LIMITED","STATE",665,25,3.2,0,12.83,12.83,4,"Critical",NA,"Inadequate linkage"
2009-02-12,"NORTHERN","UTTAR PRADESH","RAIL","OBRA TPS","UTTAR PRADESH RAJYA VIDYUT UTPADAN NIGAM LIMITED","STATE",1278,20,16.1,0,156.61,156.61,10,NA,NA,NA
2009-02-12,"NORTHERN","UTTAR PRADESH","RAIL","PANKI TPS","UTTAR PRADESH RAJYA VIDYUT UTPADAN NIGAM LIMITED","STATE",210,30,4.3,0,7.4,7.4,2,"Critical","Super Critical","Inadequate linkage"
2009-02-12,"NORTHERN","UTTAR PRADESH","RAIL","PARICHHA TPS","UTTAR PRADESH RAJYA VIDYUT UTPADAN NIGAM LIMITED","STATE",1140,30,12.5,0,16.88,16.88,1,"Critical","Super Critical","Less receipt-CCL"
2009-02-12,"NORTHERN","UTTAR PRADESH","RAIL","DADRI (NCTPP)","NTPC LIMITED.","CENTRAL",1820,30,16.1,0,150.3,150.3,9,NA,NA,NA
2009-02-12,"NORTHERN","UTTAR PRADESH","PITHEAD","RIHAND STPS","NTPC LIMITED.","CENTRAL",3000,15,38.2,0,412.48,412.48,11,NA,NA,NA
2009-02-12,"NORTHERN","UTTAR PRADESH","PITHEAD","SINGRAULI STPS","NTPC LIMITED.","CENTRAL",2000,15,34.3,0,318.5,318.5,9,NA,NA,NA
2009-02-12,"NORTHERN","UTTAR PRADESH","RAIL","TANDA TPS","NTPC LIMITED.","CENTRAL",440,25,8.9,0,115.72,115.72,13,NA,NA,NA
2009-02-12,"NORTHERN","UTTAR PRADESH","RAIL","UNCHAHAR TPS","NTPC LIMITED.","CENTRAL",1050,25,21.4,0,110.15,110.15,5,"Critical",NA,"Less receipt-CCL"
2009-02-12,"WESTERN","CHHATTISGARH","RAIL","DSPM TPS","CHHATTISGARH STATE POWER GENERATION CO. LTD.","STATE",500,15,9.6,0,88.46,88.46,9,NA,NA,NA
2009-02-12,"WESTERN","CHHATTISGARH","PITHEAD","KORBA-II","CHHATTISGARH STATE POWER GENERATION CO. LTD.","STATE",440,15,8.6,0,86.96,86.96,10,NA,NA,NA
2009-02-12,"WESTERN","CHHATTISGARH","PITHEAD","KORBA-WEST TPS","CHHATTISGARH STATE POWER GENERATION CO. LTD.","STATE",1340,15,13.2,0,267.6,267.6,20,NA,NA,NA
2009-02-12,"WESTERN","CHHATTISGARH","PITHEAD","KORBA STPS","NTPC LIMITED.","CENTRAL",2600,15,34.3,0,472.38,472.38,14,NA,NA,NA
2009-02-12,"WESTERN","CHHATTISGARH","RAIL","SIPAT STPS","NTPC LIMITED.","CENTRAL",2980,20,16.8,0,29.71,29.71,2,"Critical","Super Critical","Less Receipt - SECL"
2009-02-12,"WESTERN","GUJARAT","RAIL","GANDHI NAGAR TPS","GUJARAT STATE ELECTRICITY CORPORATION LIMITED","STATE",870,30,13.6,0.1,37.09,37.19,3,"Critical","Super Critical","Less Receipt - SECL"
2009-02-12,"WESTERN","GUJARAT","RAIL","SIKKA REP. TPS","GUJARAT STATE ELECTRICITY CORPORATION LIMITED","STATE",240,30,4.6,24.9,31.63,56.54,12,NA,NA,NA
2009-02-12,"WESTERN","GUJARAT","RAIL","UKAI TPS","GUJARAT STATE ELECTRICITY CORPORATION LIMITED","STATE",1350,30,13.9,0,86.83,86.83,6,"Critical",NA,"Less Receipt - SECL"
2009-02-12,"WESTERN","GUJARAT","RAIL","WANAKBORI TPS","GUJARAT STATE ELECTRICITY CORPORATION LIMITED","STATE",1470,30,25.7,0,39.03,39.03,2,"Critical","Super Critical","Inadequate linkage"
2009-02-12,"WESTERN","GUJARAT","RAIL","SABARMATI (C STATION)","TORRENT POWER LTD","PRIVATE",400,30,4.6,0,1.99,1.99,0,"Critical","Super Critical","Inadequate linkage"
2009-02-12,"WESTERN","MADHYA PRADESH","PITHEAD","AMAR KANTAK","M. P. POWER GENERATING CORPORATION LIMITED","STATE",490,15,6.3,0,94.99,94.99,15,NA,NA,NA
2009-02-12,"WESTERN","MADHYA PRADESH","RAIL","SANJAY GANDHI TPS","M. P. POWER GENERATING CORPORATION LIMITED","STATE",1340,20,19.6,0,69.59,69.59,4,"Critical",NA,"Inadequate linkage"
2009-02-12,"WESTERN","MADHYA PRADESH","RAIL","SATPURA TPS","M. P. POWER GENERATING CORPORATION LIMITED","STATE",1330,20,22.5,0,26.77,26.77,1,"Critical","Super Critical","Less Receipt - WCL"
2009-02-12,"WESTERN","MADHYA PRADESH","PITHEAD","VINDHYACHAL STPS","NTPC LIMITED.","CENTRAL",4260,15,55.4,0,246.22,246.22,4,"Critical",NA,"Inadequate linkage"
2009-02-12,"WESTERN","MAHARASHTRA","RAIL","BHUSAWAL TPS","MAHARASHTRA STATE POWER GENERATION COMPANY LIMITED","STATE",1420,25,8.4,0,19.92,19.92,2,"Critical","Super Critical","Inadequate linkage"
2009-02-12,"WESTERN","MAHARASHTRA","RAIL","CHANDRAPUR(MAHARASHTRA) STPS","MAHARASHTRA STATE POWER GENERATION COMPANY LIMITED","STATE",2340,20,38.2,0,32.5,32.5,1,"Critical","Super Critical","Inadequate linkage"
2009-02-12,"WESTERN","MAHARASHTRA","RAIL","KHAPARKHEDA TPS","MAHARASHTRA STATE POWER GENERATION COMPANY LIMITED","STATE",1340,20,15.9,0,71.79,71.79,5,"Critical",NA,"Less Receipt"
2009-02-12,"WESTERN","MAHARASHTRA","RAIL","KORADI TPS","MAHARASHTRA STATE POWER GENERATION COMPANY LIMITED","STATE",1040,25,19.8,0,40.69,40.69,2,"Critical","Super Critical","Less Receipt -SECL"
2009-02-12,"WESTERN","MAHARASHTRA","RAIL","NASIK TPS","MAHARASHTRA STATE POWER GENERATION COMPANY LIMITED","STATE",630,25,15.5,0,22.07,22.07,1,"Critical","Super Critical","Inadequate linkage"
2009-02-12,"WESTERN","MAHARASHTRA","RAIL","PARLI TPS","MAHARASHTRA STATE POWER GENERATION COMPANY LIMITED","STATE",1130,25,16.1,0,141.14,141.14,9,NA,NA,NA
2009-02-12,"WESTERN","MAHARASHTRA","RAIL","PARAS TPS","MAHARASHTRA STATE POWER GENERATION COMPANY LIMITED","STATE",500,20,6.3,0,18.66,18.66,3,"Critical","Super Critical","Less Receipt"
2009-02-12,"WESTERN","MAHARASHTRA","RAIL","DAHANU TPS","RELIANCE INFRASTRUCTURE LTD.","PRIVATE",500,25,10.4,25.66,41.94,67.59,7,NA,NA,NA
2009-02-12,"SOUTHERN","ANDHRA PRADESH","RAIL","Dr. N.TATA RAO TPS","ANDHRA PRADESH POWER GENERATION CORP. LIMITED.","STATE",1760,25,22,0,71.42,71.42,3,"Critical","Super Critical","Inadequate linkage"
2009-02-12,"SOUTHERN","ANDHRA PRADESH","RAIL","KOTHAGUDEM TPS","ANDHRA PRADESH POWER GENERATION CORP. LIMITED.","STATE",1720,20,21.4,0,176.55,176.55,8,NA,NA,NA
2009-02-12,"SOUTHERN","ANDHRA PRADESH","ROAD","RAMAGUNDEM - B TPS","ANDHRA PRADESH POWER GENERATION CORP. LIMITED.","STATE",62.5,20,0.9,0,18.16,18.16,20,NA,NA,NA
2009-02-12,"SOUTHERN","ANDHRA PRADESH","RAIL","RAYALASEEMA TPS","ANDHRA PRADESH POWER GENERATION CORP. LIMITED.","STATE",1050,25,16.9,0,27.27,27.27,2,"Critical","Super Critical","Inadequate linkage"
2009-02-12,"SOUTHERN","ANDHRA PRADESH","PITHEAD","RAMAGUNDEM STPS","NTPC LIMITED.","CENTRAL",2600,15,42,0,530.09,530.09,13,NA,NA,NA
2009-02-12,"SOUTHERN","ANDHRA PRADESH","RAIL","SIMHADRI","NTPC LIMITED.","CENTRAL",2000,25,20.7,0,222.1,222.1,11,NA,NA,NA
2009-02-12,"SOUTHERN","KARNATAKA","RAIL","RAICHUR TPS","KARNATAKA POWER CORPORATION LIMITED","STATE",1720,30,31,0,528.4,528.4,17,NA,NA,NA
2009-02-12,"SOUTHERN","TAMIL NADU","INTER MODAL","ENNORE TPS","TAMIL NADU GENERATION & DISTRIBUTION CORP. LTD.","STATE",450,30,8.2,0,38.73,38.73,5,"Critical",NA,"Less Receipt -MCL"
2009-02-12,"SOUTHERN","TAMIL NADU","INTER MODAL","METTUR TPS","TAMIL NADU GENERATION & DISTRIBUTION CORP. LTD.","STATE",1440,30,15.1,44.33,47.14,91.47,6,"Critical",NA,"Less Receipt"
2009-02-12,"SOUTHERN","TAMIL NADU","INTER MODAL","NORTH CHENNAI TPS","TAMIL NADU GENERATION & DISTRIBUTION CORP. LTD.","STATE",1830,30,11.2,32.03,47.6,79.64,7,NA,NA,NA
2009-02-12,"SOUTHERN","TAMIL NADU","INTER MODAL","TUTICORIN TPS","TAMIL NADU GENERATION & DISTRIBUTION CORP. LTD.","STATE",1050,30,18.7,55.6,102.98,158.58,8,NA,NA,NA
2009-02-12,"EASTERN","BIHAR","RAIL","BARAUNI TPS","BIHAR STATE ELECTRICITY BOARD","STATE",210,20,0.7,0,14.38,14.38,20,NA,NA,NA
2009-02-12,"EASTERN","BIHAR","RAIL","MUZAFFARPUR TPS","KANTI BIJLEE UTPADAN NIGAM LTD.","CENTRAL",220,20,1.1,0,2.58,2.58,2,"Critical","Super Critical","Less Receipt"
2009-02-12,"EASTERN","BIHAR","PITHEAD","KAHALGAON TPS","NTPC LIMITED.","CENTRAL",2340,15,38.4,0,31.49,31.49,1,"Critical","Super Critical","Less Receipt - ECL"
2009-02-12,"EASTERN","JHARKHAND","RAIL","PATRATU TPS","JHARKHAND STATE ELECTRICITY BOARD","STATE",770,20,5,0,20.83,20.83,4,"Critical",NA,"Inadequate linkage"
2009-02-12,"EASTERN","JHARKHAND","ROAD","TENUGHAT TPS","TENUGHAT VIDYUT NIGAM LIMITED","STATE",420,20,6.1,0,15.25,15.25,3,"Critical","Super Critical","Inadequate linkage"
2009-02-12,"EASTERN","JHARKHAND","RAIL","BOKARO `B` TPS","DAMODAR VALLEY CORPORATION","CENTRAL",630,20,9.5,0,115.22,115.22,12,NA,NA,NA
2009-02-12,"EASTERN","JHARKHAND","RAIL","CHANDRAPURA(DVC) TPS","DAMODAR VALLEY CORPORATION","CENTRAL",890,20,6.3,0,93.81,93.81,15,NA,NA,NA
2009-02-12,"EASTERN","ORISSA","PITHEAD","IB VALLEY TPS","ORISSA POWER GENERATION CORPORATION LIMITED","STATE",420,15,9.5,0,190.4,190.4,20,NA,NA,NA
2009-02-12,"EASTERN","ORISSA","PITHEAD","TALCHER (OLD) TPS","NTPC LIMITED.","CENTRAL",470,15,8.9,0,58.76,58.76,7,NA,NA,NA
2009-02-12,"EASTERN","ORISSA","PITHEAD","TALCHER STPS","NTPC LIMITED.","CENTRAL",3000,15,64.3,0,150.41,150.41,2,"Critical","Super Critical","Inadequate linkage"
2009-02-12,"EASTERN","WEST BENGAL","RAIL","DURGAPUR TPS","DAMODAR VALLEY CORPORATION","CENTRAL",340,20,5.7,0,170.55,170.55,30,NA,NA,NA
2009-02-12,"EASTERN","WEST BENGAL","RAIL","MEJIA TPS","DAMODAR VALLEY CORPORATION","CENTRAL",2340,20,24.3,0,1.07,1.07,0,"Critical","Super Critical","Unloading Constraint"
2009-02-12,"EASTERN","WEST BENGAL","RAIL","BAKRESWAR TPS","WEST BENGAL POWER DEVELOPMENT CORP. LIMITED","STATE",1050,25,12.5,0,206.36,206.36,17,NA,NA,NA
2009-02-12,"EASTERN","WEST BENGAL","RAIL","BANDEL TPS","WEST BENGAL POWER DEVELOPMENT CORP. LIMITED","STATE",450,20,5.7,0,0,0,0,"Critical","Super Critical","Inadequate linkage"
2009-02-12,"EASTERN","WEST BENGAL","RAIL","D.P.L. TPS","DURGAPUR PROJECTS LIMITED","STATE",630,20,10.7,0,46.16,46.16,4,"Critical",NA,"Less receipt - EMTA"
2009-02-12,"EASTERN","WEST BENGAL","RAIL","KOLAGHAT TPS","WEST BENGAL POWER DEVELOPMENT CORP. LIMITED","STATE",1260,25,21.3,0,234.51,234.51,11,NA,NA,NA
2009-02-12,"EASTERN","WEST BENGAL","RAIL","SAGARDIGHI TPS","WEST BENGAL POWER DEVELOPMENT CORP. LIMITED","STATE",600,20,7.9,0,0,0,0,"Critical","Super Critical","Inadequate linkage"
2009-02-12,"EASTERN","WEST BENGAL","RAIL","SANTALDIH TPS","WEST BENGAL POWER DEVELOPMENT CORP. LIMITED","STATE",980,20,8.2,0,122.22,122.22,15,NA,NA,NA
2009-02-12,"EASTERN","WEST BENGAL","RAIL","BUDGE BUDGE TPS","CALCUTTA ELECTRIC SUPPLY CO. LTD.","PRIVATE",750,20,7.9,0,118.45,118.45,15,NA,NA,NA
2009-02-12,"EASTERN","WEST BENGAL","RAIL","NEW COSSIPORE TPS","CALCUTTA ELECTRIC SUPPLY CO. LTD.","PRIVATE",160,20,1.4,0,18.12,18.12,13,NA,NA,NA
2009-02-12,"EASTERN","WEST BENGAL","RAIL","SOUTHERN REPL. TPS","CALCUTTA ELECTRIC SUPPLY CO. LTD.","PRIVATE",135,25,2.5,0,55.1,55.1,22,NA,NA,NA
2009-02-12,"EASTERN","WEST BENGAL","RAIL","TITAGARH TPS","CALCUTTA ELECTRIC SUPPLY CO. LTD.","PRIVATE",240,20,3.9,0,58.85,58.85,15,NA,NA,NA
2009-02-12,"EASTERN","WEST BENGAL","RAIL","FARAKKA STPS","NTPC LIMITED.","CENTRAL",2100,15,37.5,0,75.18,75.18,2,"Critical","Super Critical","Less Receipt - ECL"
2009-02-13,"NORTHERN","DELHI","RAIL","I.P.  T.P.S.","INDRAPRASTHA  POWER GENERATION COMPANY LIMITED","STATE",247.5,25,3.4,0,40.25,40.25,12,NA,NA,NA
2009-02-13,"NORTHERN","DELHI","RAIL","RAJGHAT TPS","INDRAPRASTHA  POWER GENERATION COMPANY LIMITED","STATE",135,25,2.3,0,87.54,87.54,38,NA,NA,NA
2009-02-13,"NORTHERN","DELHI","RAIL","BADARPUR TPS","NTPC LIMITED.","CENTRAL",705,30,14.8,0,62.99,62.99,4,"Critical",NA,NA
2009-02-13,"NORTHERN","HARYANA","RAIL","FARIDABAD TPS.","HARYANA POWER  GENERATION CORPORATION LIMITED","STATE",55,25,2.1,0,41.03,41.03,19,NA,NA,NA
2009-02-13,"NORTHERN","HARYANA","RAIL","PANIPAT TPS","HARYANA POWER  GENERATION CORPORATION LIMITED","STATE",1360,25,26.8,0,30.43,30.43,1,"Critical","Super Critical",NA
2009-02-13,"NORTHERN","HARYANA","RAIL","YAMUNA NAGAR TPS","HARYANA POWER  GENERATION CORPORATION LIMITED","STATE",600,25,10.7,0,36.94,36.94,3,"Critical","Super Critical",NA
2009-02-13,"NORTHERN","PUNJAB","RAIL","GH TPS (LEH.MOH.)","PUNJAB STATE POWER CORP. LTD.","STATE",920,30,15.5,0,37.46,37.46,2,"Critical","Super Critical",NA
2009-02-13,"NORTHERN","PUNJAB","RAIL","GND TPS(BHATINDA)","PUNJAB STATE POWER CORP. LTD.","STATE",440,30,7,0,60.68,60.68,9,NA,NA,NA
2009-02-13,"NORTHERN","PUNJAB","RAIL","ROPAR TPS","PUNJAB STATE POWER CORP. LTD.","STATE",1260,30,22.1,0,81.5,81.5,4,"Critical",NA,NA
2009-02-13,"NORTHERN","RAJASTHAN","RAIL","KOTA TPS","RAJASTHAN RAJYA VIDYUT UTPADAN NIGAM LIMITED","STATE",1240,30,21.6,27.11,209.59,236.7,11,NA,NA,NA
2009-02-13,"NORTHERN","RAJASTHAN","RAIL","SURATGARH TPS","RAJASTHAN RAJYA VIDYUT UTPADAN NIGAM LIMITED","STATE",1500,30,27,0,143.38,143.38,5,"Critical",NA,NA
2009-02-13,"NORTHERN","UTTAR PRADESH","PITHEAD","ANPARA TPS","UTTAR PRADESH RAJYA VIDYUT UTPADAN NIGAM LIMITED","STATE",1630,15,28.6,0,168,168,6,"Critical",NA,NA
2009-02-13,"NORTHERN","UTTAR PRADESH","RAIL","HARDUAGANJ TPS","UTTAR PRADESH RAJYA VIDYUT UTPADAN NIGAM LIMITED","STATE",665,25,3.2,0,14.26,14.26,4,"Critical",NA,NA
2009-02-13,"NORTHERN","UTTAR PRADESH","RAIL","OBRA TPS","UTTAR PRADESH RAJYA VIDYUT UTPADAN NIGAM LIMITED","STATE",1278,20,16.1,0,166.34,166.34,10,NA,NA,NA
2009-02-13,"NORTHERN","UTTAR PRADESH","RAIL","PANKI TPS","UTTAR PRADESH RAJYA VIDYUT UTPADAN NIGAM LIMITED","STATE",210,30,4.3,0,9.95,9.95,2,"Critical","Super Critical",NA
2009-02-13,"NORTHERN","UTTAR PRADESH","RAIL","PARICHHA TPS","UTTAR PRADESH RAJYA VIDYUT UTPADAN NIGAM LIMITED","STATE",1140,30,12.5,0,19.09,19.09,2,"Critical","Super Critical",NA
2009-02-13,"NORTHERN","UTTAR PRADESH","RAIL","DADRI (NCTPP)","NTPC LIMITED.","CENTRAL",1820,30,16.1,0,162.56,162.56,10,NA,NA,NA
2009-02-13,"NORTHERN","UTTAR PRADESH","PITHEAD","RIHAND STPS","NTPC LIMITED.","CENTRAL",3000,15,38.2,0,425.26,425.26,11,NA,NA,NA
2009-02-13,"NORTHERN","UTTAR PRADESH","PITHEAD","SINGRAULI STPS","NTPC LIMITED.","CENTRAL",2000,15,34.3,0,319.38,319.38,9,NA,NA,NA
2009-02-13,"NORTHERN","UTTAR PRADESH","RAIL","TANDA TPS","NTPC LIMITED.","CENTRAL",440,25,8.9,0,122.57,122.57,14,NA,NA,NA
2009-02-13,"NORTHERN","UTTAR PRADESH","RAIL","UNCHAHAR TPS","NTPC LIMITED.","CENTRAL",1050,25,21.4,0,119.07,119.07,6,"Critical",NA,NA
2009-02-13,"WESTERN","CHHATTISGARH","RAIL","DSPM TPS","CHHATTISGARH STATE POWER GENERATION CO. LTD.","STATE",500,15,9.6,0,91.52,91.52,9,NA,NA,NA
2009-02-13,"WESTERN","CHHATTISGARH","PITHEAD","KORBA-II","CHHATTISGARH STATE POWER GENERATION CO. LTD.","STATE",440,15,8.6,0,85.99,85.99,10,NA,NA,NA
2009-02-13,"WESTERN","CHHATTISGARH","PITHEAD","KORBA-WEST TPS","CHHATTISGARH STATE POWER GENERATION CO. LTD.","STATE",1340,15,13.2,0,263.76,263.76,20,NA,NA,NA
2009-02-13,"WESTERN","CHHATTISGARH","PITHEAD","KORBA STPS","NTPC LIMITED.","CENTRAL",2600,15,34.3,0,478.69,478.69,14,NA,NA,NA
2009-02-13,"WESTERN","CHHATTISGARH","RAIL","SIPAT STPS","NTPC LIMITED.","CENTRAL",2980,20,16.8,0,23.98,23.98,1,"Critical","Super Critical",NA
2009-02-13,"WESTERN","GUJARAT","RAIL","GANDHI NAGAR TPS","GUJARAT STATE ELECTRICITY CORPORATION LIMITED","STATE",870,30,13.6,0.1,37.54,37.64,3,"Critical","Super Critical",NA
2009-02-13,"WESTERN","GUJARAT","RAIL","SIKKA REP. TPS","GUJARAT STATE ELECTRICITY CORPORATION LIMITED","STATE",240,30,4.6,23.92,31.09,55,12,NA,NA,NA
2009-02-13,"WESTERN","GUJARAT","RAIL","UKAI TPS","GUJARAT STATE ELECTRICITY CORPORATION LIMITED","STATE",1350,30,13.9,0,83.41,83.41,6,"Critical",NA,NA
2009-02-13,"WESTERN","GUJARAT","RAIL","WANAKBORI TPS","GUJARAT STATE ELECTRICITY CORPORATION LIMITED","STATE",1470,30,25.7,0,42.62,42.62,2,"Critical","Super Critical",NA
2009-02-13,"WESTERN","GUJARAT","RAIL","SABARMATI (C STATION)","TORRENT POWER LTD","PRIVATE",400,30,4.6,0,0.65,0.65,0,"Critical","Super Critical",NA
2009-02-13,"WESTERN","MADHYA PRADESH","PITHEAD","AMAR KANTAK","M. P. POWER GENERATING CORPORATION LIMITED","STATE",490,15,6.3,0,94.75,94.75,15,NA,NA,NA
2009-02-13,"WESTERN","MADHYA PRADESH","RAIL","SANJAY GANDHI TPS","M. P. POWER GENERATING CORPORATION LIMITED","STATE",1340,20,19.6,0,69.23,69.23,4,"Critical",NA,NA
2009-02-13,"WESTERN","MADHYA PRADESH","RAIL","SATPURA TPS","M. P. POWER GENERATING CORPORATION LIMITED","STATE",1330,20,22.5,0,28.89,28.89,1,"Critical","Super Critical",NA
2009-02-13,"WESTERN","MADHYA PRADESH","PITHEAD","VINDHYACHAL STPS","NTPC LIMITED.","CENTRAL",4260,15,55.4,0,247.45,247.45,4,"Critical",NA,NA
2009-02-13,"WESTERN","MAHARASHTRA","RAIL","BHUSAWAL TPS","MAHARASHTRA STATE POWER GENERATION COMPANY LIMITED","STATE",1420,25,8.4,0,22.57,22.57,3,"Critical","Super Critical",NA
2009-02-13,"WESTERN","MAHARASHTRA","RAIL","CHANDRAPUR(MAHARASHTRA) STPS","MAHARASHTRA STATE POWER GENERATION COMPANY LIMITED","STATE",2340,20,38.2,0,35.44,35.44,1,"Critical","Super Critical",NA
2009-02-13,"WESTERN","MAHARASHTRA","RAIL","KHAPARKHEDA TPS","MAHARASHTRA STATE POWER GENERATION COMPANY LIMITED","STATE",1340,20,15.9,0,68.94,68.94,4,"Critical",NA,NA
2009-02-13,"WESTERN","MAHARASHTRA","RAIL","KORADI TPS","MAHARASHTRA STATE POWER GENERATION COMPANY LIMITED","STATE",1040,25,19.8,0,41.42,41.42,2,"Critical","Super Critical",NA
2009-02-13,"WESTERN","MAHARASHTRA","RAIL","NASIK TPS","MAHARASHTRA STATE POWER GENERATION COMPANY LIMITED","STATE",630,25,15.5,0,24.24,24.24,2,"Critical","Super Critical",NA
2009-02-13,"WESTERN","MAHARASHTRA","RAIL","PARLI TPS","MAHARASHTRA STATE POWER GENERATION COMPANY LIMITED","STATE",1130,25,16.1,0,144.03,144.03,9,NA,NA,NA
2009-02-13,"WESTERN","MAHARASHTRA","RAIL","PARAS TPS","MAHARASHTRA STATE POWER GENERATION COMPANY LIMITED","STATE",500,20,6.3,0,22.42,22.42,4,"Critical",NA,NA
2009-02-13,"WESTERN","MAHARASHTRA","RAIL","DAHANU TPS","RELIANCE INFRASTRUCTURE LTD.","PRIVATE",500,25,10.4,23.26,44.45,67.71,7,NA,NA,NA
2009-02-13,"SOUTHERN","ANDHRA PRADESH","RAIL","Dr. N.TATA RAO TPS","ANDHRA PRADESH POWER GENERATION CORP. LIMITED.","STATE",1760,25,22,0,67.88,67.88,3,"Critical","Super Critical",NA
2009-02-13,"SOUTHERN","ANDHRA PRADESH","RAIL","KOTHAGUDEM TPS","ANDHRA PRADESH POWER GENERATION CORP. LIMITED.","STATE",1720,20,21.4,0,176.6,176.6,8,NA,NA,NA
2009-02-13,"SOUTHERN","ANDHRA PRADESH","ROAD","RAMAGUNDEM - B TPS","ANDHRA PRADESH POWER GENERATION CORP. LIMITED.","STATE",62.5,20,0.9,0,18.41,18.41,21,NA,NA,NA
2009-02-13,"SOUTHERN","ANDHRA PRADESH","RAIL","RAYALASEEMA TPS","ANDHRA PRADESH POWER GENERATION CORP. LIMITED.","STATE",1050,25,16.9,0,25.18,25.18,1,"Critical","Super Critical",NA
2009-02-13,"SOUTHERN","ANDHRA PRADESH","PITHEAD","RAMAGUNDEM STPS","NTPC LIMITED.","CENTRAL",2600,15,42,0,533.94,533.94,13,NA,NA,NA
2009-02-13,"SOUTHERN","ANDHRA PRADESH","RAIL","SIMHADRI","NTPC LIMITED.","CENTRAL",2000,25,20.7,0,230.22,230.22,11,NA,NA,NA
2009-02-13,"SOUTHERN","KARNATAKA","RAIL","RAICHUR TPS","KARNATAKA POWER CORPORATION LIMITED","STATE",1720,30,31,0,528.4,528.4,17,NA,NA,NA
2009-02-13,"SOUTHERN","TAMIL NADU","INTER MODAL","ENNORE TPS","TAMIL NADU GENERATION & DISTRIBUTION CORP. LTD.","STATE",450,30,8.2,0,35.38,35.38,4,"Critical",NA,NA
2009-02-13,"SOUTHERN","TAMIL NADU","INTER MODAL","METTUR TPS","TAMIL NADU GENERATION & DISTRIBUTION CORP. LTD.","STATE",1440,30,15.1,41.87,50.5,92.37,6,"Critical",NA,NA
2009-02-13,"SOUTHERN","TAMIL NADU","INTER MODAL","NORTH CHENNAI TPS","TAMIL NADU GENERATION & DISTRIBUTION CORP. LTD.","STATE",1830,30,11.2,30.49,39.47,69.96,6,"Critical",NA,NA
2009-02-13,"SOUTHERN","TAMIL NADU","INTER MODAL","TUTICORIN TPS","TAMIL NADU GENERATION & DISTRIBUTION CORP. LTD.","STATE",1050,30,18.7,62.1,99.68,161.78,9,NA,NA,NA
2009-02-13,"EASTERN","BIHAR","RAIL","BARAUNI TPS","BIHAR STATE ELECTRICITY BOARD","STATE",210,20,0.7,0,14.38,14.38,20,NA,NA,NA
2009-02-13,"EASTERN","BIHAR","RAIL","MUZAFFARPUR TPS","KANTI BIJLEE UTPADAN NIGAM LTD.","CENTRAL",220,20,1.1,0,4.31,4.31,4,"Critical",NA,NA
2009-02-13,"EASTERN","BIHAR","PITHEAD","KAHALGAON TPS","NTPC LIMITED.","CENTRAL",2340,15,38.4,0,28.18,28.18,1,"Critical","Super Critical",NA
2009-02-13,"EASTERN","JHARKHAND","RAIL","PATRATU TPS","JHARKHAND STATE ELECTRICITY BOARD","STATE",770,20,5,0,23.33,23.33,5,"Critical",NA,NA
2009-02-13,"EASTERN","JHARKHAND","ROAD","TENUGHAT TPS","TENUGHAT VIDYUT NIGAM LIMITED","STATE",420,20,6.1,0,15.25,15.25,3,"Critical","Super Critical",NA
2009-02-13,"EASTERN","JHARKHAND","RAIL","BOKARO `B` TPS","DAMODAR VALLEY CORPORATION","CENTRAL",630,20,9.5,0,115.22,115.22,12,NA,NA,NA
2009-02-13,"EASTERN","JHARKHAND","RAIL","CHANDRAPURA(DVC) TPS","DAMODAR VALLEY CORPORATION","CENTRAL",890,20,6.3,0,93.81,93.81,15,NA,NA,NA
2009-02-13,"EASTERN","ORISSA","PITHEAD","IB VALLEY TPS","ORISSA POWER GENERATION CORPORATION LIMITED","STATE",420,15,9.5,0,192.65,192.65,20,NA,NA,NA
2009-02-13,"EASTERN","ORISSA","PITHEAD","TALCHER (OLD) TPS","NTPC LIMITED.","CENTRAL",470,15,8.9,0,61.03,61.03,7,NA,NA,NA
2009-02-13,"EASTERN","ORISSA","PITHEAD","TALCHER STPS","NTPC LIMITED.","CENTRAL",3000,15,64.3,0,162.21,162.21,3,"Critical","Super Critical",NA
2009-02-13,"EASTERN","WEST BENGAL","RAIL","DURGAPUR TPS","DAMODAR VALLEY CORPORATION","CENTRAL",340,20,5.7,0,170.55,170.55,30,NA,NA,NA
2009-02-13,"EASTERN","WEST BENGAL","RAIL","MEJIA TPS","DAMODAR VALLEY CORPORATION","CENTRAL",2340,20,24.3,0,1.07,1.07,0,"Critical","Super Critical",NA
2009-02-13,"EASTERN","WEST BENGAL","RAIL","BAKRESWAR TPS","WEST BENGAL POWER DEVELOPMENT CORP. LIMITED","STATE",1050,25,12.5,0,215.15,215.15,17,NA,NA,NA
2009-02-13,"EASTERN","WEST BENGAL","RAIL","BANDEL TPS","WEST BENGAL POWER DEVELOPMENT CORP. LIMITED","STATE",450,20,5.7,0,5.17,5.17,1,"Critical","Super Critical",NA
2009-02-13,"EASTERN","WEST BENGAL","RAIL","D.P.L. TPS","DURGAPUR PROJECTS LIMITED","STATE",630,20,10.7,0,46.16,46.16,4,"Critical",NA,NA
2009-02-13,"EASTERN","WEST BENGAL","RAIL","KOLAGHAT TPS","WEST BENGAL POWER DEVELOPMENT CORP. LIMITED","STATE",1260,25,21.3,0,228.58,228.58,11,NA,NA,NA
2009-02-13,"EASTERN","WEST BENGAL","RAIL","SAGARDIGHI TPS","WEST BENGAL POWER DEVELOPMENT CORP. LIMITED","STATE",600,20,7.9,0,0,0,0,"Critical","Super Critical",NA
2009-02-13,"EASTERN","WEST BENGAL","RAIL","SANTALDIH TPS","WEST BENGAL POWER DEVELOPMENT CORP. LIMITED","STATE",980,20,8.2,0,120.92,120.92,15,NA,NA,NA
2009-02-13,"EASTERN","WEST BENGAL","RAIL","BUDGE BUDGE TPS","CALCUTTA ELECTRIC SUPPLY CO. LTD.","PRIVATE",750,20,7.9,0,119.58,119.58,15,NA,NA,NA
2009-02-13,"EASTERN","WEST BENGAL","RAIL","NEW COSSIPORE TPS","CALCUTTA ELECTRIC SUPPLY CO. LTD.","PRIVATE",160,20,1.4,0,20.68,20.68,14,NA,NA,NA
2009-02-13,"EASTERN","WEST BENGAL","RAIL","SOUTHERN REPL. TPS","CALCUTTA ELECTRIC SUPPLY CO. LTD.","PRIVATE",135,25,2.5,0,53.11,53.11,21,NA,NA,NA
2009-02-13,"EASTERN","WEST BENGAL","RAIL","TITAGARH TPS","CALCUTTA ELECTRIC SUPPLY CO. LTD.","PRIVATE",240,20,3.9,0,60.47,60.47,15,NA,NA,NA
2009-02-13,"EASTERN","WEST BENGAL","RAIL","FARAKKA STPS","NTPC LIMITED.","CENTRAL",2100,15,37.5,0,78.33,78.33,2,"Critical","Super Critical",NA
2009-02-14,"NORTHERN","DELHI","RAIL","I.P.  T.P.S.","INDRAPRASTHA  POWER GENERATION COMPANY LIMITED","STATE",247.5,25,3.4,0,37.79,37.79,11,NA,NA,NA
2009-02-14,"NORTHERN","DELHI","RAIL","RAJGHAT TPS","INDRAPRASTHA  POWER GENERATION COMPANY LIMITED","STATE",135,25,2.3,0,89.58,89.58,39,NA,NA,NA
2009-02-14,"NORTHERN","DELHI","RAIL","BADARPUR TPS","NTPC LIMITED.","CENTRAL",705,30,14.8,0,65.44,65.44,4,"Critical",NA,NA
2009-02-14,"NORTHERN","HARYANA","RAIL","FARIDABAD TPS.","HARYANA POWER  GENERATION CORPORATION LIMITED","STATE",55,25,2.1,0,38.87,38.87,18,NA,NA,NA
2009-02-14,"NORTHERN","HARYANA","RAIL","PANIPAT TPS","HARYANA POWER  GENERATION CORPORATION LIMITED","STATE",1360,25,26.8,0,30.43,30.43,1,"Critical","Super Critical",NA
2009-02-14,"NORTHERN","HARYANA","RAIL","YAMUNA NAGAR TPS","HARYANA POWER  GENERATION CORPORATION LIMITED","STATE",600,25,10.7,0,33.46,33.46,3,"Critical","Super Critical",NA
2009-02-14,"NORTHERN","PUNJAB","RAIL","GH TPS (LEH.MOH.)","PUNJAB STATE POWER CORP. LTD.","STATE",920,30,15.5,0,32.3,32.3,2,"Critical","Super Critical",NA
2009-02-14,"NORTHERN","PUNJAB","RAIL","GND TPS(BHATINDA)","PUNJAB STATE POWER CORP. LTD.","STATE",440,30,7,0,59.11,59.11,8,NA,NA,NA
2009-02-14,"NORTHERN","PUNJAB","RAIL","ROPAR TPS","PUNJAB STATE POWER CORP. LTD.","STATE",1260,30,22.1,0,89.32,89.32,4,"Critical",NA,NA
2009-02-14,"NORTHERN","RAJASTHAN","RAIL","KOTA TPS","RAJASTHAN RAJYA VIDYUT UTPADAN NIGAM LIMITED","STATE",1240,30,21.6,27.11,209.59,236.7,11,NA,NA,NA
2009-02-14,"NORTHERN","RAJASTHAN","RAIL","SURATGARH TPS","RAJASTHAN RAJYA VIDYUT UTPADAN NIGAM LIMITED","STATE",1500,30,27,0,153.07,153.07,6,"Critical",NA,NA
2009-02-14,"NORTHERN","UTTAR PRADESH","PITHEAD","ANPARA TPS","UTTAR PRADESH RAJYA VIDYUT UTPADAN NIGAM LIMITED","STATE",1630,15,28.6,0,178.62,178.62,6,"Critical",NA,NA
2009-02-14,"NORTHERN","UTTAR PRADESH","RAIL","HARDUAGANJ TPS","UTTAR PRADESH RAJYA VIDYUT UTPADAN NIGAM LIMITED","STATE",665,25,3.2,0,14.4,14.4,4,"Critical",NA,NA
2009-02-14,"NORTHERN","UTTAR PRADESH","RAIL","OBRA TPS","UTTAR PRADESH RAJYA VIDYUT UTPADAN NIGAM LIMITED","STATE",1278,20,16.1,0,165.31,165.31,10,NA,NA,NA
2009-02-14,"NORTHERN","UTTAR PRADESH","RAIL","PANKI TPS","UTTAR PRADESH RAJYA VIDYUT UTPADAN NIGAM LIMITED","STATE",210,30,4.3,0,12.78,12.78,3,"Critical","Super Critical",NA
2009-02-14,"NORTHERN","UTTAR PRADESH","RAIL","PARICHHA TPS","UTTAR PRADESH RAJYA VIDYUT UTPADAN NIGAM LIMITED","STATE",1140,30,12.5,0,15.57,15.57,1,"Critical","Super Critical",NA
2009-02-14,"NORTHERN","UTTAR PRADESH","RAIL","DADRI (NCTPP)","NTPC LIMITED.","CENTRAL",1820,30,16.1,0,163.87,163.87,10,NA,NA,NA
2009-02-14,"NORTHERN","UTTAR PRADESH","PITHEAD","RIHAND STPS","NTPC LIMITED.","CENTRAL",3000,15,38.2,0,431.1,431.1,11,NA,NA,NA
2009-02-14,"NORTHERN","UTTAR PRADESH","PITHEAD","SINGRAULI STPS","NTPC LIMITED.","CENTRAL",2000,15,34.3,0,320.03,320.03,9,NA,NA,NA
2009-02-14,"NORTHERN","UTTAR PRADESH","RAIL","TANDA TPS","NTPC LIMITED.","CENTRAL",440,25,8.9,0,122.3,122.3,14,NA,NA,NA
2009-02-14,"NORTHERN","UTTAR PRADESH","RAIL","UNCHAHAR TPS","NTPC LIMITED.","CENTRAL",1050,25,21.4,0,113.75,113.75,5,"Critical",NA,NA
2009-02-14,"WESTERN","CHHATTISGARH","RAIL","DSPM TPS","CHHATTISGARH STATE POWER GENERATION CO. LTD.","STATE",500,15,9.6,0,94.65,94.65,10,NA,NA,NA
2009-02-14,"WESTERN","CHHATTISGARH","PITHEAD","KORBA-II","CHHATTISGARH STATE POWER GENERATION CO. LTD.","STATE",440,15,8.6,0,84.83,84.83,10,NA,NA,NA
2009-02-14,"WESTERN","CHHATTISGARH","PITHEAD","KORBA-WEST TPS","CHHATTISGARH STATE POWER GENERATION CO. LTD.","STATE",1340,15,13.2,0,263.74,263.74,20,NA,NA,NA
2009-02-14,"WESTERN","CHHATTISGARH","PITHEAD","KORBA STPS","NTPC LIMITED.","CENTRAL",2600,15,34.3,0,476.9,476.9,14,NA,NA,NA
2009-02-14,"WESTERN","CHHATTISGARH","RAIL","SIPAT STPS","NTPC LIMITED.","CENTRAL",2980,20,16.8,0,21.76,21.76,1,"Critical","Super Critical",NA
2009-02-14,"WESTERN","GUJARAT","RAIL","GANDHI NAGAR TPS","GUJARAT STATE ELECTRICITY CORPORATION LIMITED","STATE",870,30,13.6,0.1,36.39,36.49,3,"Critical","Super Critical",NA
2009-02-14,"WESTERN","GUJARAT","RAIL","SIKKA REP. TPS","GUJARAT STATE ELECTRICITY CORPORATION LIMITED","STATE",240,30,4.6,22.93,33.54,56.46,12,NA,NA,NA
2009-02-14,"WESTERN","GUJARAT","RAIL","UKAI TPS","GUJARAT STATE ELECTRICITY CORPORATION LIMITED","STATE",1350,30,13.9,0,83.6,83.6,6,"Critical",NA,NA
2009-02-14,"WESTERN","GUJARAT","RAIL","WANAKBORI TPS","GUJARAT STATE ELECTRICITY CORPORATION LIMITED","STATE",1470,30,25.7,0,45.6,45.6,2,"Critical","Super Critical",NA
2009-02-14,"WESTERN","GUJARAT","RAIL","SABARMATI (C STATION)","TORRENT POWER LTD","PRIVATE",400,30,4.6,0,3.46,3.46,1,"Critical","Super Critical",NA
2009-02-14,"WESTERN","MADHYA PRADESH","PITHEAD","AMAR KANTAK","M. P. POWER GENERATING CORPORATION LIMITED","STATE",490,15,6.3,0,94.96,94.96,15,NA,NA,NA
2009-02-14,"WESTERN","MADHYA PRADESH","RAIL","SANJAY GANDHI TPS","M. P. POWER GENERATING CORPORATION LIMITED","STATE",1340,20,19.6,0,79.39,79.39,4,"Critical",NA,NA
2009-02-14,"WESTERN","MADHYA PRADESH","RAIL","SATPURA TPS","M. P. POWER GENERATING CORPORATION LIMITED","STATE",1330,20,22.5,0,29.64,29.64,1,"Critical","Super Critical",NA
2009-02-14,"WESTERN","MADHYA PRADESH","PITHEAD","VINDHYACHAL STPS","NTPC LIMITED.","CENTRAL",4260,15,55.4,0,258.51,258.51,5,"Critical",NA,NA
2009-02-14,"WESTERN","MAHARASHTRA","RAIL","BHUSAWAL TPS","MAHARASHTRA STATE POWER GENERATION COMPANY LIMITED","STATE",1420,25,8.4,0,24.94,24.94,3,"Critical","Super Critical",NA
2009-02-14,"WESTERN","MAHARASHTRA","RAIL","CHANDRAPUR(MAHARASHTRA) STPS","MAHARASHTRA STATE POWER GENERATION COMPANY LIMITED","STATE",2340,20,38.2,0,40.38,40.38,1,"Critical","Super Critical",NA
2009-02-14,"WESTERN","MAHARASHTRA","RAIL","KHAPARKHEDA TPS","MAHARASHTRA STATE POWER GENERATION COMPANY LIMITED","STATE",1340,20,15.9,0,74.54,74.54,5,"Critical",NA,NA
2009-02-14,"WESTERN","MAHARASHTRA","RAIL","KORADI TPS","MAHARASHTRA STATE POWER GENERATION COMPANY LIMITED","STATE",1040,25,19.8,0,42.24,42.24,2,"Critical","Super Critical",NA
2009-02-14,"WESTERN","MAHARASHTRA","RAIL","NASIK TPS","MAHARASHTRA STATE POWER GENERATION COMPANY LIMITED","STATE",630,25,15.5,0,21.49,21.49,1,"Critical","Super Critical",NA
2009-02-14,"WESTERN","MAHARASHTRA","RAIL","PARLI TPS","MAHARASHTRA STATE POWER GENERATION COMPANY LIMITED","STATE",1130,25,16.1,0,144.67,144.67,9,NA,NA,NA
2009-02-14,"WESTERN","MAHARASHTRA","RAIL","PARAS TPS","MAHARASHTRA STATE POWER GENERATION COMPANY LIMITED","STATE",500,20,6.3,0,22.38,22.38,4,"Critical",NA,NA
2009-02-14,"WESTERN","MAHARASHTRA","RAIL","DAHANU TPS","RELIANCE INFRASTRUCTURE LTD.","PRIVATE",500,25,10.4,20.77,43.42,64.19,6,"Critical",NA,NA
2009-02-14,"SOUTHERN","ANDHRA PRADESH","RAIL","Dr. N.TATA RAO TPS","ANDHRA PRADESH POWER GENERATION CORP. LIMITED.","STATE",1760,25,22,0,53.96,53.96,2,"Critical","Super Critical",NA
2009-02-14,"SOUTHERN","ANDHRA PRADESH","RAIL","KOTHAGUDEM TPS","ANDHRA PRADESH POWER GENERATION CORP. LIMITED.","STATE",1720,20,21.4,0,175.95,175.95,8,NA,NA,NA
2009-02-14,"SOUTHERN","ANDHRA PRADESH","ROAD","RAMAGUNDEM - B TPS","ANDHRA PRADESH POWER GENERATION CORP. LIMITED.","STATE",62.5,20,0.9,0,18.38,18.38,21,NA,NA,NA
2009-02-14,"SOUTHERN","ANDHRA PRADESH","RAIL","RAYALASEEMA TPS","ANDHRA PRADESH POWER GENERATION CORP. LIMITED.","STATE",1050,25,16.9,0,23.51,23.51,1,"Critical","Super Critical",NA
2009-02-14,"SOUTHERN","ANDHRA PRADESH","PITHEAD","RAMAGUNDEM STPS","NTPC LIMITED.","CENTRAL",2600,15,42,0,536.8,536.8,13,NA,NA,NA
2009-02-14,"SOUTHERN","ANDHRA PRADESH","RAIL","SIMHADRI","NTPC LIMITED.","CENTRAL",2000,25,20.7,0,224.28,224.28,11,NA,NA,NA
2009-02-14,"SOUTHERN","KARNATAKA","RAIL","RAICHUR TPS","KARNATAKA POWER CORPORATION LIMITED","STATE",1720,30,31,0,528.4,528.4,17,NA,NA,NA
2009-02-14,"SOUTHERN","TAMIL NADU","INTER MODAL","ENNORE TPS","TAMIL NADU GENERATION & DISTRIBUTION CORP. LTD.","STATE",450,30,8.2,0,35.14,35.14,4,"Critical",NA,NA
2009-02-14,"SOUTHERN","TAMIL NADU","INTER MODAL","METTUR TPS","TAMIL NADU GENERATION & DISTRIBUTION CORP. LTD.","STATE",1440,30,15.1,43.19,53.46,96.65,6,"Critical",NA,NA
2009-02-14,"SOUTHERN","TAMIL NADU","INTER MODAL","NORTH CHENNAI TPS","TAMIL NADU GENERATION & DISTRIBUTION CORP. LTD.","STATE",1830,30,11.2,29.02,44.12,73.14,7,NA,NA,NA
2009-02-14,"SOUTHERN","TAMIL NADU","INTER MODAL","TUTICORIN TPS","TAMIL NADU GENERATION & DISTRIBUTION CORP. LTD.","STATE",1050,30,18.7,62.99,104.58,167.58,9,NA,NA,NA
2009-02-14,"EASTERN","BIHAR","RAIL","BARAUNI TPS","BIHAR STATE ELECTRICITY BOARD","STATE",210,20,0.7,0,13.82,13.82,19,NA,NA,NA
2009-02-14,"EASTERN","BIHAR","RAIL","MUZAFFARPUR TPS","KANTI BIJLEE UTPADAN NIGAM LTD.","CENTRAL",220,20,1.1,0,4.31,4.31,4,"Critical",NA,NA
2009-02-14,"EASTERN","BIHAR","PITHEAD","KAHALGAON TPS","NTPC LIMITED.","CENTRAL",2340,15,38.4,0,31.84,31.84,1,"Critical","Super Critical",NA
2009-02-14,"EASTERN","JHARKHAND","RAIL","PATRATU TPS","JHARKHAND STATE ELECTRICITY BOARD","STATE",770,20,5,0,21.63,21.63,4,"Critical",NA,NA
2009-02-14,"EASTERN","JHARKHAND","ROAD","TENUGHAT TPS","TENUGHAT VIDYUT NIGAM LIMITED","STATE",420,20,6.1,0,15.25,15.25,3,"Critical","Super Critical",NA
2009-02-14,"EASTERN","JHARKHAND","RAIL","BOKARO `B` TPS","DAMODAR VALLEY CORPORATION","CENTRAL",630,20,9.5,0,115.22,115.22,12,NA,NA,NA
2009-02-14,"EASTERN","JHARKHAND","RAIL","CHANDRAPURA(DVC) TPS","DAMODAR VALLEY CORPORATION","CENTRAL",890,20,6.3,0,93.81,93.81,15,NA,NA,NA
2009-02-14,"EASTERN","ORISSA","PITHEAD","IB VALLEY TPS","ORISSA POWER GENERATION CORPORATION LIMITED","STATE",420,15,9.5,0,190.33,190.33,20,NA,NA,NA
2009-02-14,"EASTERN","ORISSA","PITHEAD","TALCHER (OLD) TPS","NTPC LIMITED.","CENTRAL",470,15,8.9,0,66.13,66.13,7,NA,NA,NA
2009-02-14,"EASTERN","ORISSA","PITHEAD","TALCHER STPS","NTPC LIMITED.","CENTRAL",3000,15,64.3,0,154.78,154.78,2,"Critical","Super Critical",NA
2009-02-14,"EASTERN","WEST BENGAL","RAIL","DURGAPUR TPS","DAMODAR VALLEY CORPORATION","CENTRAL",340,20,5.7,0,170.55,170.55,30,NA,NA,NA
2009-02-14,"EASTERN","WEST BENGAL","RAIL","MEJIA TPS","DAMODAR VALLEY CORPORATION","CENTRAL",2340,20,24.3,0,1.07,1.07,0,"Critical","Super Critical",NA
2009-02-14,"EASTERN","WEST BENGAL","RAIL","BAKRESWAR TPS","WEST BENGAL POWER DEVELOPMENT CORP. LIMITED","STATE",1050,25,12.5,0,223.09,223.09,18,NA,NA,NA
2009-02-14,"EASTERN","WEST BENGAL","RAIL","BANDEL TPS","WEST BENGAL POWER DEVELOPMENT CORP. LIMITED","STATE",450,20,5.7,0,7.28,7.28,1,"Critical","Super Critical",NA
2009-02-14,"EASTERN","WEST BENGAL","RAIL","D.P.L. TPS","DURGAPUR PROJECTS LIMITED","STATE",630,20,10.7,0,46.16,46.16,4,"Critical",NA,NA
2009-02-14,"EASTERN","WEST BENGAL","RAIL","KOLAGHAT TPS","WEST BENGAL POWER DEVELOPMENT CORP. LIMITED","STATE",1260,25,21.3,0,230.3,230.3,11,NA,NA,NA
2009-02-14,"EASTERN","WEST BENGAL","RAIL","SAGARDIGHI TPS","WEST BENGAL POWER DEVELOPMENT CORP. LIMITED","STATE",600,20,7.9,0,0,0,0,"Critical","Super Critical",NA
2009-02-14,"EASTERN","WEST BENGAL","RAIL","SANTALDIH TPS","WEST BENGAL POWER DEVELOPMENT CORP. LIMITED","STATE",980,20,8.2,0,119.6,119.6,15,NA,NA,NA
2009-02-14,"EASTERN","WEST BENGAL","RAIL","BUDGE BUDGE TPS","CALCUTTA ELECTRIC SUPPLY CO. LTD.","PRIVATE",750,20,7.9,0,116.73,116.73,15,NA,NA,NA
2009-02-14,"EASTERN","WEST BENGAL","RAIL","NEW COSSIPORE TPS","CALCUTTA ELECTRIC SUPPLY CO. LTD.","PRIVATE",160,20,1.4,0,19.44,19.44,14,NA,NA,NA
2009-02-14,"EASTERN","WEST BENGAL","RAIL","SOUTHERN REPL. TPS","CALCUTTA ELECTRIC SUPPLY CO. LTD.","PRIVATE",135,25,2.5,0,51.12,51.12,20,NA,NA,NA
2009-02-14,"EASTERN","WEST BENGAL","RAIL","TITAGARH TPS","CALCUTTA ELECTRIC SUPPLY CO. LTD.","PRIVATE",240,20,3.9,0,61.5,61.5,16,NA,NA,NA
2009-02-14,"EASTERN","WEST BENGAL","RAIL","FARAKKA STPS","NTPC LIMITED.","CENTRAL",2100,15,37.5,0,78.43,78.43,2,"Critical","Super Critical",NA
2009-02-15,"NORTHERN","DELHI","RAIL","I.P.  T.P.S.","INDRAPRASTHA  POWER GENERATION COMPANY LIMITED","STATE",247.5,25,3.4,0,36.41,36.41,11,NA,NA,NA
2009-02-15,"NORTHERN","DELHI","RAIL","RAJGHAT TPS","INDRAPRASTHA  POWER GENERATION COMPANY LIMITED","STATE",135,25,2.3,0,87.39,87.39,38,NA,NA,NA
2009-02-15,"NORTHERN","DELHI","RAIL","BADARPUR TPS","NTPC LIMITED.","CENTRAL",705,30,14.8,0,68.31,68.31,5,"Critical",NA,"Less Receipt - CCL"
2009-02-15,"NORTHERN","HARYANA","RAIL","FARIDABAD TPS.","HARYANA POWER  GENERATION CORPORATION LIMITED","STATE",55,25,2.1,0,36.91,36.91,17,NA,NA,NA
2009-02-15,"NORTHERN","HARYANA","RAIL","PANIPAT TPS","HARYANA POWER  GENERATION CORPORATION LIMITED","STATE",1360,25,26.8,0,30.43,30.43,1,"Critical","Super Critical","Less Receipt - CCL"
2009-02-15,"NORTHERN","HARYANA","RAIL","YAMUNA NAGAR TPS","HARYANA POWER  GENERATION CORPORATION LIMITED","STATE",600,25,10.7,0,32.41,32.41,3,"Critical","Super Critical","Inadequate linkage"
2009-02-15,"NORTHERN","PUNJAB","RAIL","GH TPS (LEH.MOH.)","PUNJAB STATE POWER CORP. LTD.","STATE",920,30,15.5,0,46.79,46.79,3,"Critical","Super Critical","Inadequate linkage"
2009-02-15,"NORTHERN","PUNJAB","RAIL","GND TPS(BHATINDA)","PUNJAB STATE POWER CORP. LTD.","STATE",440,30,7,0,57.74,57.74,8,NA,NA,NA
2009-02-15,"NORTHERN","PUNJAB","RAIL","ROPAR TPS","PUNJAB STATE POWER CORP. LTD.","STATE",1260,30,22.1,0,87.65,87.65,4,"Critical",NA,"Inadequate linkage"
2009-02-15,"NORTHERN","RAJASTHAN","RAIL","KOTA TPS","RAJASTHAN RAJYA VIDYUT UTPADAN NIGAM LIMITED","STATE",1240,30,21.6,25.29,206.92,232.21,11,NA,NA,NA
2009-02-15,"NORTHERN","RAJASTHAN","RAIL","SURATGARH TPS","RAJASTHAN RAJYA VIDYUT UTPADAN NIGAM LIMITED","STATE",1500,30,27,0,151.68,151.68,6,"Critical",NA,"Inadequate linkage"
2009-02-15,"NORTHERN","UTTAR PRADESH","PITHEAD","ANPARA TPS","UTTAR PRADESH RAJYA VIDYUT UTPADAN NIGAM LIMITED","STATE",1630,15,28.6,0,189.33,189.33,7,NA,NA,"Inadequate linkage"
2009-02-15,"NORTHERN","UTTAR PRADESH","RAIL","HARDUAGANJ TPS","UTTAR PRADESH RAJYA VIDYUT UTPADAN NIGAM LIMITED","STATE",665,25,3.2,0,15.05,15.05,5,"Critical",NA,"Inadequate linkage"
2009-02-15,"NORTHERN","UTTAR PRADESH","RAIL","OBRA TPS","UTTAR PRADESH RAJYA VIDYUT UTPADAN NIGAM LIMITED","STATE",1278,20,16.1,0,164.16,164.16,10,NA,NA,NA
2009-02-15,"NORTHERN","UTTAR PRADESH","RAIL","PANKI TPS","UTTAR PRADESH RAJYA VIDYUT UTPADAN NIGAM LIMITED","STATE",210,30,4.3,0,12.3,12.3,3,"Critical","Super Critical","Inadequate linkage"
2009-02-15,"NORTHERN","UTTAR PRADESH","RAIL","PARICHHA TPS","UTTAR PRADESH RAJYA VIDYUT UTPADAN NIGAM LIMITED","STATE",1140,30,12.5,0,12.06,12.06,1,"Critical","Super Critical","Less receipt-CCL"
2009-02-15,"NORTHERN","UTTAR PRADESH","RAIL","DADRI (NCTPP)","NTPC LIMITED.","CENTRAL",1820,30,16.1,0,168.92,168.92,11,NA,NA,NA
2009-02-15,"NORTHERN","UTTAR PRADESH","PITHEAD","RIHAND STPS","NTPC LIMITED.","CENTRAL",3000,15,38.2,0,438.94,438.94,11,NA,NA,NA
2009-02-15,"NORTHERN","UTTAR PRADESH","PITHEAD","SINGRAULI STPS","NTPC LIMITED.","CENTRAL",2000,15,34.3,0,324.48,324.48,9,NA,NA,NA
2009-02-15,"NORTHERN","UTTAR PRADESH","RAIL","TANDA TPS","NTPC LIMITED.","CENTRAL",440,25,8.9,0,126.3,126.3,14,NA,NA,NA
2009-02-15,"NORTHERN","UTTAR PRADESH","RAIL","UNCHAHAR TPS","NTPC LIMITED.","CENTRAL",1050,25,21.4,0,123.05,123.05,6,"Critical",NA,"Less receipt-CCL"
2009-02-15,"WESTERN","CHHATTISGARH","RAIL","DSPM TPS","CHHATTISGARH STATE POWER GENERATION CO. LTD.","STATE",500,15,9.6,0,97.55,97.55,10,NA,NA,NA
2009-02-15,"WESTERN","CHHATTISGARH","PITHEAD","KORBA-II","CHHATTISGARH STATE POWER GENERATION CO. LTD.","STATE",440,15,8.6,0,83.02,83.02,10,NA,NA,NA
2009-02-15,"WESTERN","CHHATTISGARH","PITHEAD","KORBA-WEST TPS","CHHATTISGARH STATE POWER GENERATION CO. LTD.","STATE",1340,15,13.2,0,264.74,264.74,20,NA,NA,NA
2009-02-15,"WESTERN","CHHATTISGARH","PITHEAD","KORBA STPS","NTPC LIMITED.","CENTRAL",2600,15,34.3,0,473.29,473.29,14,NA,NA,NA
2009-02-15,"WESTERN","CHHATTISGARH","RAIL","SIPAT STPS","NTPC LIMITED.","CENTRAL",2980,20,16.8,0,22.36,22.36,1,"Critical","Super Critical","Less Receipt - SECL"
2009-02-15,"WESTERN","GUJARAT","RAIL","GANDHI NAGAR TPS","GUJARAT STATE ELECTRICITY CORPORATION LIMITED","STATE",870,30,13.6,0.1,35.98,36.08,3,"Critical","Super Critical","Less Receipt - SECL"
2009-02-15,"WESTERN","GUJARAT","RAIL","SIKKA REP. TPS","GUJARAT STATE ELECTRICITY CORPORATION LIMITED","STATE",240,30,4.6,22.1,31.47,53.57,12,NA,NA,NA
2009-02-15,"WESTERN","GUJARAT","RAIL","UKAI TPS","GUJARAT STATE ELECTRICITY CORPORATION LIMITED","STATE",1350,30,13.9,0,83.54,83.54,6,"Critical",NA,"Less Receipt - SECL"
2009-02-15,"WESTERN","GUJARAT","RAIL","WANAKBORI TPS","GUJARAT STATE ELECTRICITY CORPORATION LIMITED","STATE",1470,30,25.7,0,55.06,55.06,2,"Critical","Super Critical","Inadequate linkage"
2009-02-15,"WESTERN","GUJARAT","RAIL","SABARMATI (C STATION)","TORRENT POWER LTD","PRIVATE",400,30,4.6,0,6.27,6.27,1,"Critical","Super Critical","Inadequate linkage"
2009-02-15,"WESTERN","MADHYA PRADESH","PITHEAD","AMAR KANTAK","M. P. POWER GENERATING CORPORATION LIMITED","STATE",490,15,6.3,0,94.58,94.58,15,NA,NA,NA
2009-02-15,"WESTERN","MADHYA PRADESH","RAIL","SANJAY GANDHI TPS","M. P. POWER GENERATING CORPORATION LIMITED","STATE",1340,20,19.6,0,86.85,86.85,4,"Critical",NA,"Inadequate linkage"
2009-02-15,"WESTERN","MADHYA PRADESH","RAIL","SATPURA TPS","M. P. POWER GENERATING CORPORATION LIMITED","STATE",1330,20,22.5,0,29.12,29.12,1,"Critical","Super Critical","Less Receipt - WCL"
2009-02-15,"WESTERN","MADHYA PRADESH","PITHEAD","VINDHYACHAL STPS","NTPC LIMITED.","CENTRAL",4260,15,55.4,0,268.2,268.2,5,"Critical",NA,"Inadequate linkage"
2009-02-15,"WESTERN","MAHARASHTRA","RAIL","BHUSAWAL TPS","MAHARASHTRA STATE POWER GENERATION COMPANY LIMITED","STATE",1420,25,8.4,0,28.71,28.71,3,"Critical","Super Critical","Inadequate linkage"
2009-02-15,"WESTERN","MAHARASHTRA","RAIL","CHANDRAPUR(MAHARASHTRA) STPS","MAHARASHTRA STATE POWER GENERATION COMPANY LIMITED","STATE",2340,20,38.2,0,43.2,43.2,1,"Critical","Super Critical","Inadequate linkage"
2009-02-15,"WESTERN","MAHARASHTRA","RAIL","KHAPARKHEDA TPS","MAHARASHTRA STATE POWER GENERATION COMPANY LIMITED","STATE",1340,20,15.9,0,77.97,77.97,5,"Critical",NA,"Less Receipt"
2009-02-15,"WESTERN","MAHARASHTRA","RAIL","KORADI TPS","MAHARASHTRA STATE POWER GENERATION COMPANY LIMITED","STATE",1040,25,19.8,0,43.85,43.85,2,"Critical","Super Critical","Less Receipt -SECL"
2009-02-15,"WESTERN","MAHARASHTRA","RAIL","NASIK TPS","MAHARASHTRA STATE POWER GENERATION COMPANY LIMITED","STATE",630,25,15.5,0,27.11,27.11,2,"Critical","Super Critical","Inadequate linkage"
2009-02-15,"WESTERN","MAHARASHTRA","RAIL","PARLI TPS","MAHARASHTRA STATE POWER GENERATION COMPANY LIMITED","STATE",1130,25,16.1,0,141.69,141.69,9,NA,NA,NA
2009-02-15,"WESTERN","MAHARASHTRA","RAIL","PARAS TPS","MAHARASHTRA STATE POWER GENERATION COMPANY LIMITED","STATE",500,20,6.3,0,17,17,3,"Critical","Super Critical","Less Receipt"
2009-02-15,"WESTERN","MAHARASHTRA","RAIL","DAHANU TPS","RELIANCE INFRASTRUCTURE LTD.","PRIVATE",500,25,10.4,18.55,45.88,64.43,6,"Critical",NA,"Less Receipt - SECL"
2009-02-15,"SOUTHERN","ANDHRA PRADESH","RAIL","Dr. N.TATA RAO TPS","ANDHRA PRADESH POWER GENERATION CORP. LIMITED.","STATE",1760,25,22,0,51.45,51.45,2,"Critical","Super Critical","Inadequate linkage"
2009-02-15,"SOUTHERN","ANDHRA PRADESH","RAIL","KOTHAGUDEM TPS","ANDHRA PRADESH POWER GENERATION CORP. LIMITED.","STATE",1720,20,21.4,0,172.97,172.97,8,NA,NA,NA
2009-02-15,"SOUTHERN","ANDHRA PRADESH","ROAD","RAMAGUNDEM - B TPS","ANDHRA PRADESH POWER GENERATION CORP. LIMITED.","STATE",62.5,20,0.9,0,18.46,18.46,21,NA,NA,NA
2009-02-15,"SOUTHERN","ANDHRA PRADESH","RAIL","RAYALASEEMA TPS","ANDHRA PRADESH POWER GENERATION CORP. LIMITED.","STATE",1050,25,16.9,0,29.49,29.49,2,"Critical","Super Critical","Inadequate linkage"
2009-02-15,"SOUTHERN","ANDHRA PRADESH","PITHEAD","RAMAGUNDEM STPS","NTPC LIMITED.","CENTRAL",2600,15,42,0,529.19,529.19,13,NA,NA,NA
2009-02-15,"SOUTHERN","ANDHRA PRADESH","RAIL","SIMHADRI","NTPC LIMITED.","CENTRAL",2000,25,20.7,0,228.73,228.73,11,NA,NA,NA
2009-02-15,"SOUTHERN","KARNATAKA","RAIL","RAICHUR TPS","KARNATAKA POWER CORPORATION LIMITED","STATE",1720,30,31,0,528.4,528.4,17,NA,NA,NA
2009-02-15,"SOUTHERN","TAMIL NADU","INTER MODAL","ENNORE TPS","TAMIL NADU GENERATION & DISTRIBUTION CORP. LTD.","STATE",450,30,8.2,0,38.22,38.22,5,"Critical",NA,"Less Receipt -MCL"
2009-02-15,"SOUTHERN","TAMIL NADU","INTER MODAL","METTUR TPS","TAMIL NADU GENERATION & DISTRIBUTION CORP. LTD.","STATE",1440,30,15.1,41.31,52.27,93.59,6,"Critical",NA,"Less Receipt"
2009-02-15,"SOUTHERN","TAMIL NADU","INTER MODAL","NORTH CHENNAI TPS","TAMIL NADU GENERATION & DISTRIBUTION CORP. LTD.","STATE",1830,30,11.2,27.47,40.05,67.52,6,"Critical",NA,"Less Receipt -MCL"
2009-02-15,"SOUTHERN","TAMIL NADU","INTER MODAL","TUTICORIN TPS","TAMIL NADU GENERATION & DISTRIBUTION CORP. LTD.","STATE",1050,30,18.7,59.45,112.05,171.5,9,NA,NA,NA
2009-02-15,"EASTERN","BIHAR","RAIL","BARAUNI TPS","BIHAR STATE ELECTRICITY BOARD","STATE",210,20,0.7,0,13.82,13.82,19,NA,NA,NA
2009-02-15,"EASTERN","BIHAR","RAIL","MUZAFFARPUR TPS","KANTI BIJLEE UTPADAN NIGAM LTD.","CENTRAL",220,20,1.1,0,4.31,4.31,4,"Critical",NA,"Less Receipt"
2009-02-15,"EASTERN","BIHAR","PITHEAD","KAHALGAON TPS","NTPC LIMITED.","CENTRAL",2340,15,38.4,0,37.17,37.17,1,"Critical","Super Critical","Less Receipt - ECL"
2009-02-15,"EASTERN","JHARKHAND","RAIL","PATRATU TPS","JHARKHAND STATE ELECTRICITY BOARD","STATE",770,20,5,0,23.18,23.18,5,"Critical",NA,"Less Receipt"
2009-02-15,"EASTERN","JHARKHAND","ROAD","TENUGHAT TPS","TENUGHAT VIDYUT NIGAM LIMITED","STATE",420,20,6.1,0,15.25,15.25,3,"Critical","Super Critical","Inadequate linkage"
2009-02-15,"EASTERN","JHARKHAND","RAIL","BOKARO `B` TPS","DAMODAR VALLEY CORPORATION","CENTRAL",630,20,9.5,0,122.56,122.56,13,NA,NA,NA
2009-02-15,"EASTERN","JHARKHAND","RAIL","CHANDRAPURA(DVC) TPS","DAMODAR VALLEY CORPORATION","CENTRAL",890,20,6.3,0,100.52,100.52,16,NA,NA,NA
2009-02-15,"EASTERN","ORISSA","PITHEAD","IB VALLEY TPS","ORISSA POWER GENERATION CORPORATION LIMITED","STATE",420,15,9.5,0,192.64,192.64,20,NA,NA,NA
2009-02-15,"EASTERN","ORISSA","PITHEAD","TALCHER (OLD) TPS","NTPC LIMITED.","CENTRAL",470,15,8.9,0,65.13,65.13,7,NA,NA,NA
2009-02-15,"EASTERN","ORISSA","PITHEAD","TALCHER STPS","NTPC LIMITED.","CENTRAL",3000,15,64.3,0,156.16,156.16,2,"Critical","Super Critical","Inadequate linkage"
2009-02-15,"EASTERN","WEST BENGAL","RAIL","DURGAPUR TPS","DAMODAR VALLEY CORPORATION","CENTRAL",340,20,5.7,0,171.46,171.46,30,NA,NA,NA
2009-02-15,"EASTERN","WEST BENGAL","RAIL","MEJIA TPS","DAMODAR VALLEY CORPORATION","CENTRAL",2340,20,24.3,0,0,0,0,"Critical","Super Critical","Unloading Constraint"
2009-02-15,"EASTERN","WEST BENGAL","RAIL","BAKRESWAR TPS","WEST BENGAL POWER DEVELOPMENT CORP. LIMITED","STATE",1050,25,12.5,0,224.8,224.8,18,NA,NA,NA
2009-02-15,"EASTERN","WEST BENGAL","RAIL","BANDEL TPS","WEST BENGAL POWER DEVELOPMENT CORP. LIMITED","STATE",450,20,5.7,0,9.65,9.65,2,"Critical","Super Critical","Inadequate linkage"
2009-02-15,"EASTERN","WEST BENGAL","RAIL","D.P.L. TPS","DURGAPUR PROJECTS LIMITED","STATE",630,20,10.7,0,46.16,46.16,4,"Critical",NA,"Less receipt - EMTA"
2009-02-15,"EASTERN","WEST BENGAL","RAIL","KOLAGHAT TPS","WEST BENGAL POWER DEVELOPMENT CORP. LIMITED","STATE",1260,25,21.3,0,222.9,222.9,10,NA,NA,NA
2009-02-15,"EASTERN","WEST BENGAL","RAIL","SAGARDIGHI TPS","WEST BENGAL POWER DEVELOPMENT CORP. LIMITED","STATE",600,20,7.9,0,0,0,0,"Critical","Super Critical","Inadequate linkage"
2009-02-15,"EASTERN","WEST BENGAL","RAIL","SANTALDIH TPS","WEST BENGAL POWER DEVELOPMENT CORP. LIMITED","STATE",980,20,8.2,0,122.31,122.31,15,NA,NA,NA
2009-02-15,"EASTERN","WEST BENGAL","RAIL","BUDGE BUDGE TPS","CALCUTTA ELECTRIC SUPPLY CO. LTD.","PRIVATE",750,20,7.9,0,114.3,114.3,15,NA,NA,NA
2009-02-15,"EASTERN","WEST BENGAL","RAIL","NEW COSSIPORE TPS","CALCUTTA ELECTRIC SUPPLY CO. LTD.","PRIVATE",160,20,1.4,0,22.19,22.19,16,NA,NA,NA
2009-02-15,"EASTERN","WEST BENGAL","RAIL","SOUTHERN REPL. TPS","CALCUTTA ELECTRIC SUPPLY CO. LTD.","PRIVATE",135,25,2.5,0,49.37,49.37,20,NA,NA,NA
2009-02-15,"EASTERN","WEST BENGAL","RAIL","TITAGARH TPS","CALCUTTA ELECTRIC SUPPLY CO. LTD.","PRIVATE",240,20,3.9,0,58.19,58.19,15,NA,NA,NA
2009-02-15,"EASTERN","WEST BENGAL","RAIL","FARAKKA STPS","NTPC LIMITED.","CENTRAL",2100,15,37.5,0,85.49,85.49,2,"Critical","Super Critical","Less Receipt - ECL"
2009-02-16,"NORTHERN","DELHI","RAIL","I.P.  T.P.S.","INDRAPRASTHA  POWER GENERATION COMPANY LIMITED","STATE",247.5,25,3.4,0,38.54,38.54,11,NA,NA,NA
2009-02-16,"NORTHERN","DELHI","RAIL","RAJGHAT TPS","INDRAPRASTHA  POWER GENERATION COMPANY LIMITED","STATE",135,25,2.3,0,87.03,87.03,37,NA,NA,NA
2009-02-16,"NORTHERN","DELHI","RAIL","BADARPUR TPS","NTPC LIMITED.","CENTRAL",705,30,14.8,0,66.97,66.97,5,"Critical",NA,"Less Receipt - CCL"
2009-02-16,"NORTHERN","HARYANA","RAIL","FARIDABAD TPS.","HARYANA POWER  GENERATION CORPORATION LIMITED","STATE",55,25,2.1,0,34.83,34.83,16,NA,NA,NA
2009-02-16,"NORTHERN","HARYANA","RAIL","PANIPAT TPS","HARYANA POWER  GENERATION CORPORATION LIMITED","STATE",1360,25,26.8,0,30.43,30.43,1,"Critical","Super Critical","Less Receipt - CCL"
2009-02-16,"NORTHERN","HARYANA","RAIL","YAMUNA NAGAR TPS","HARYANA POWER  GENERATION CORPORATION LIMITED","STATE",600,25,10.7,0,38.04,38.04,4,"Critical",NA,"Inadequate linkage"
2009-02-16,"NORTHERN","PUNJAB","RAIL","GH TPS (LEH.MOH.)","PUNJAB STATE POWER CORP. LTD.","STATE",920,30,15.5,0,40.76,40.76,3,"Critical","Super Critical","Inadequate linkage"
2009-02-16,"NORTHERN","PUNJAB","RAIL","GND TPS(BHATINDA)","PUNJAB STATE POWER CORP. LTD.","STATE",440,30,7,0,59.78,59.78,9,NA,NA,NA
2009-02-16,"NORTHERN","PUNJAB","RAIL","ROPAR TPS","PUNJAB STATE POWER CORP. LTD.","STATE",1260,30,22.1,0,87.21,87.21,4,"Critical",NA,"Inadequate linkage"
2009-02-16,"NORTHERN","RAJASTHAN","RAIL","KOTA TPS","RAJASTHAN RAJYA VIDYUT UTPADAN NIGAM LIMITED","STATE",1240,30,21.6,24.44,204.6,229.04,11,NA,NA,NA
2009-02-16,"NORTHERN","RAJASTHAN","RAIL","SURATGARH TPS","RAJASTHAN RAJYA VIDYUT UTPADAN NIGAM LIMITED","STATE",1500,30,27,0,146.3,146.3,5,"Critical",NA,"Inadequate linkage"
2009-02-16,"NORTHERN","UTTAR PRADESH","PITHEAD","ANPARA TPS","UTTAR PRADESH RAJYA VIDYUT UTPADAN NIGAM LIMITED","STATE",1630,15,28.6,0,190.09,190.09,7,NA,NA,NA
2009-02-16,"NORTHERN","UTTAR PRADESH","RAIL","HARDUAGANJ TPS","UTTAR PRADESH RAJYA VIDYUT UTPADAN NIGAM LIMITED","STATE",665,25,3.2,0,15.33,15.33,5,"Critical",NA,"Inadequate linkage"
2009-02-16,"NORTHERN","UTTAR PRADESH","RAIL","OBRA TPS","UTTAR PRADESH RAJYA VIDYUT UTPADAN NIGAM LIMITED","STATE",1278,20,16.1,0,166.29,166.29,10,NA,NA,NA
2009-02-16,"NORTHERN","UTTAR PRADESH","RAIL","PANKI TPS","UTTAR PRADESH RAJYA VIDYUT UTPADAN NIGAM LIMITED","STATE",210,30,4.3,0,12.68,12.68,3,"Critical","Super Critical","Inadequate linkage"
2009-02-16,"NORTHERN","UTTAR PRADESH","RAIL","PARICHHA TPS","UTTAR PRADESH RAJYA VIDYUT UTPADAN NIGAM LIMITED","STATE",1140,30,12.5,0,15.25,15.25,1,"Critical","Super Critical","Less receipt-CCL"
2009-02-16,"NORTHERN","UTTAR PRADESH","RAIL","DADRI (NCTPP)","NTPC LIMITED.","CENTRAL",1820,30,16.1,0,166.85,166.85,10,NA,NA,NA
2009-02-16,"NORTHERN","UTTAR PRADESH","PITHEAD","RIHAND STPS","NTPC LIMITED.","CENTRAL",3000,15,38.2,0,452.96,452.96,12,NA,NA,NA
2009-02-16,"NORTHERN","UTTAR PRADESH","PITHEAD","SINGRAULI STPS","NTPC LIMITED.","CENTRAL",2000,15,34.3,0,330.59,330.59,10,NA,NA,NA
2009-02-16,"NORTHERN","UTTAR PRADESH","RAIL","TANDA TPS","NTPC LIMITED.","CENTRAL",440,25,8.9,0,134.3,134.3,15,NA,NA,NA
2009-02-16,"NORTHERN","UTTAR PRADESH","RAIL","UNCHAHAR TPS","NTPC LIMITED.","CENTRAL",1050,25,21.4,0,117.38,117.38,5,"Critical",NA,"Less receipt-CCL"
2009-02-16,"WESTERN","CHHATTISGARH","RAIL","DSPM TPS","CHHATTISGARH STATE POWER GENERATION CO. LTD.","STATE",500,15,9.6,0,96.43,96.43,10,NA,NA,NA
2009-02-16,"WESTERN","CHHATTISGARH","PITHEAD","KORBA-II","CHHATTISGARH STATE POWER GENERATION CO. LTD.","STATE",440,15,8.6,0,83.35,83.35,10,NA,NA,NA
2009-02-16,"WESTERN","CHHATTISGARH","PITHEAD","KORBA-WEST TPS","CHHATTISGARH STATE POWER GENERATION CO. LTD.","STATE",1340,15,13.2,0,265.7,265.7,20,NA,NA,NA
2009-02-16,"WESTERN","CHHATTISGARH","PITHEAD","KORBA STPS","NTPC LIMITED.","CENTRAL",2600,15,34.3,0,474.83,474.83,14,NA,NA,NA
2009-02-16,"WESTERN","CHHATTISGARH","RAIL","SIPAT STPS","NTPC LIMITED.","CENTRAL",2980,20,16.8,0,21.53,21.53,1,"Critical","Super Critical","Less Receipt - SECL"
2009-02-16,"WESTERN","GUJARAT","RAIL","GANDHI NAGAR TPS","GUJARAT STATE ELECTRICITY CORPORATION LIMITED","STATE",870,30,13.6,0.1,35.21,35.31,3,"Critical","Super Critical","Less Receipt - SECL"
2009-02-16,"WESTERN","GUJARAT","RAIL","SIKKA REP. TPS","GUJARAT STATE ELECTRICITY CORPORATION LIMITED","STATE",240,30,4.6,21.2,28.85,50.05,11,NA,NA,NA
2009-02-16,"WESTERN","GUJARAT","RAIL","UKAI TPS","GUJARAT STATE ELECTRICITY CORPORATION LIMITED","STATE",1350,30,13.9,0,84.03,84.03,6,"Critical",NA,"Less Receipt - SECL"
2009-02-16,"WESTERN","GUJARAT","RAIL","WANAKBORI TPS","GUJARAT STATE ELECTRICITY CORPORATION LIMITED","STATE",1470,30,25.7,0,58.99,58.99,2,"Critical","Super Critical","Inadequate linkage"
2009-02-16,"WESTERN","GUJARAT","RAIL","SABARMATI (C STATION)","TORRENT POWER LTD","PRIVATE",400,30,4.6,0,2.18,2.18,0,"Critical","Super Critical","Inadequate linkage"
2009-02-16,"WESTERN","MADHYA PRADESH","PITHEAD","AMAR KANTAK","M. P. POWER GENERATING CORPORATION LIMITED","STATE",490,15,6.3,0,94.16,94.16,15,NA,NA,NA
2009-02-16,"WESTERN","MADHYA PRADESH","RAIL","SANJAY GANDHI TPS","M. P. POWER GENERATING CORPORATION LIMITED","STATE",1340,20,19.6,0,90.27,90.27,5,"Critical",NA,"Inadequate linkage"
2009-02-16,"WESTERN","MADHYA PRADESH","RAIL","SATPURA TPS","M. P. POWER GENERATING CORPORATION LIMITED","STATE",1330,20,22.5,0,29.46,29.46,1,"Critical","Super Critical","Less Receipt - WCL"
2009-02-16,"WESTERN","MADHYA PRADESH","PITHEAD","VINDHYACHAL STPS","NTPC LIMITED.","CENTRAL",4260,15,55.4,0,276.95,276.95,5,"Critical",NA,"Inadequate linkage"
2009-02-16,"WESTERN","MAHARASHTRA","RAIL","BHUSAWAL TPS","MAHARASHTRA STATE POWER GENERATION COMPANY LIMITED","STATE",1420,25,8.4,0,30.93,30.93,4,"Critical",NA,"Inadequate linkage"
2009-02-16,"WESTERN","MAHARASHTRA","RAIL","CHANDRAPUR(MAHARASHTRA) STPS","MAHARASHTRA STATE POWER GENERATION COMPANY LIMITED","STATE",2340,20,38.2,0,46.22,46.22,1,"Critical","Super Critical","Inadequate linkage"
2009-02-16,"WESTERN","MAHARASHTRA","RAIL","KHAPARKHEDA TPS","MAHARASHTRA STATE POWER GENERATION COMPANY LIMITED","STATE",1340,20,15.9,0,74.15,74.15,5,"Critical",NA,"Less Receipt"
2009-02-16,"WESTERN","MAHARASHTRA","RAIL","KORADI TPS","MAHARASHTRA STATE POWER GENERATION COMPANY LIMITED","STATE",1040,25,19.8,0,45.33,45.33,2,"Critical","Super Critical","Less Receipt -SECL"
2009-02-16,"WESTERN","MAHARASHTRA","RAIL","NASIK TPS","MAHARASHTRA STATE POWER GENERATION COMPANY LIMITED","STATE",630,25,15.5,0,21.63,21.63,1,"Critical","Super Critical","Inadequate linkage"
2009-02-16,"WESTERN","MAHARASHTRA","RAIL","PARLI TPS","MAHARASHTRA STATE POWER GENERATION COMPANY LIMITED","STATE",1130,25,16.1,0,139.92,139.92,9,NA,NA,NA
2009-02-16,"WESTERN","MAHARASHTRA","RAIL","PARAS TPS","MAHARASHTRA STATE POWER GENERATION COMPANY LIMITED","STATE",500,20,6.3,0,20.82,20.82,3,"Critical","Super Critical","Less Receipt"
2009-02-16,"WESTERN","MAHARASHTRA","RAIL","DAHANU TPS","RELIANCE INFRASTRUCTURE LTD.","PRIVATE",500,25,10.4,68.86,44.63,113.48,11,NA,NA,NA
2009-02-16,"SOUTHERN","ANDHRA PRADESH","RAIL","Dr. N.TATA RAO TPS","ANDHRA PRADESH POWER GENERATION CORP. LIMITED.","STATE",1760,25,22,0,43.5,43.5,2,"Critical","Super Critical","Inadequate linkage"
2009-02-16,"SOUTHERN","ANDHRA PRADESH","RAIL","KOTHAGUDEM TPS","ANDHRA PRADESH POWER GENERATION CORP. LIMITED.","STATE",1720,20,21.4,0,172.3,172.3,8,NA,NA,NA
2009-02-16,"SOUTHERN","ANDHRA PRADESH","ROAD","RAMAGUNDEM - B TPS","ANDHRA PRADESH POWER GENERATION CORP. LIMITED.","STATE",62.5,20,0.9,0,18.46,18.46,21,NA,NA,NA
2009-02-16,"SOUTHERN","ANDHRA PRADESH","RAIL","RAYALASEEMA TPS","ANDHRA PRADESH POWER GENERATION CORP. LIMITED.","STATE",1050,25,16.9,0,26.77,26.77,2,"Critical","Super Critical","Inadequate linkage"
2009-02-16,"SOUTHERN","ANDHRA PRADESH","PITHEAD","RAMAGUNDEM STPS","NTPC LIMITED.","CENTRAL",2600,15,42,0,530.99,530.99,13,NA,NA,NA
2009-02-16,"SOUTHERN","ANDHRA PRADESH","RAIL","SIMHADRI","NTPC LIMITED.","CENTRAL",2000,25,20.7,0,238.84,238.84,12,NA,NA,NA
2009-02-16,"SOUTHERN","KARNATAKA","RAIL","RAICHUR TPS","KARNATAKA POWER CORPORATION LIMITED","STATE",1720,30,31,0,528.4,528.4,17,NA,NA,NA
2009-02-16,"SOUTHERN","TAMIL NADU","INTER MODAL","ENNORE TPS","TAMIL NADU GENERATION & DISTRIBUTION CORP. LTD.","STATE",450,30,8.2,0,38.16,38.16,5,"Critical",NA,"Less Receipt -MCL"
2009-02-16,"SOUTHERN","TAMIL NADU","INTER MODAL","METTUR TPS","TAMIL NADU GENERATION & DISTRIBUTION CORP. LTD.","STATE",1440,30,15.1,39.41,54.88,94.29,6,"Critical",NA,"Less Receipt"
2009-02-16,"SOUTHERN","TAMIL NADU","INTER MODAL","NORTH CHENNAI TPS","TAMIL NADU GENERATION & DISTRIBUTION CORP. LTD.","STATE",1830,30,11.2,25.48,46.73,72.21,6,"Critical",NA,"Less Receipt -MCL"
2009-02-16,"SOUTHERN","TAMIL NADU","INTER MODAL","TUTICORIN TPS","TAMIL NADU GENERATION & DISTRIBUTION CORP. LTD.","STATE",1050,30,18.7,55.89,119.39,175.28,9,NA,NA,NA
2009-02-16,"EASTERN","BIHAR","RAIL","BARAUNI TPS","BIHAR STATE ELECTRICITY BOARD","STATE",210,20,0.7,0,14.38,14.38,20,NA,NA,NA
2009-02-16,"EASTERN","BIHAR","RAIL","MUZAFFARPUR TPS","KANTI BIJLEE UTPADAN NIGAM LTD.","CENTRAL",220,20,1.1,0,4.31,4.31,4,"Critical",NA,"Less Receipt"
2009-02-16,"EASTERN","BIHAR","PITHEAD","KAHALGAON TPS","NTPC LIMITED.","CENTRAL",2340,15,38.4,0,36.56,36.56,1,"Critical","Super Critical","Less Receipt - ECL"
2009-02-16,"EASTERN","JHARKHAND","RAIL","PATRATU TPS","JHARKHAND STATE ELECTRICITY BOARD","STATE",770,20,5,0,20.92,20.92,4,"Critical",NA,"Less Receipt"
2009-02-16,"EASTERN","JHARKHAND","ROAD","TENUGHAT TPS","TENUGHAT VIDYUT NIGAM LIMITED","STATE",420,20,6.1,0,15.25,15.25,3,"Critical","Super Critical","Inadequate linkage"
2009-02-16,"EASTERN","JHARKHAND","RAIL","BOKARO `B` TPS","DAMODAR VALLEY CORPORATION","CENTRAL",630,20,9.5,0,124.63,124.63,13,NA,NA,NA
2009-02-16,"EASTERN","JHARKHAND","RAIL","CHANDRAPURA(DVC) TPS","DAMODAR VALLEY CORPORATION","CENTRAL",890,20,6.3,0,105.71,105.71,17,NA,NA,NA
2009-02-16,"EASTERN","ORISSA","PITHEAD","IB VALLEY TPS","ORISSA POWER GENERATION CORPORATION LIMITED","STATE",420,15,9.5,0,194.42,194.42,21,NA,NA,NA
2009-02-16,"EASTERN","ORISSA","PITHEAD","TALCHER (OLD) TPS","NTPC LIMITED.","CENTRAL",470,15,8.9,0,67.4,67.4,8,NA,NA,NA
2009-02-16,"EASTERN","ORISSA","PITHEAD","TALCHER STPS","NTPC LIMITED.","CENTRAL",3000,15,64.3,0,155.62,155.62,2,"Critical","Super Critical","Inadequate linkage"
2009-02-16,"EASTERN","WEST BENGAL","RAIL","DURGAPUR TPS","DAMODAR VALLEY CORPORATION","CENTRAL",340,20,5.7,0,170.42,170.42,30,NA,NA,NA
2009-02-16,"EASTERN","WEST BENGAL","RAIL","MEJIA TPS","DAMODAR VALLEY CORPORATION","CENTRAL",2340,20,24.3,0,0,0,0,"Critical","Super Critical","Unloading Constraint"
2009-02-16,"EASTERN","WEST BENGAL","RAIL","BAKRESWAR TPS","WEST BENGAL POWER DEVELOPMENT CORP. LIMITED","STATE",1050,25,12.5,0,230.68,230.68,18,NA,NA,NA
2009-02-16,"EASTERN","WEST BENGAL","RAIL","BANDEL TPS","WEST BENGAL POWER DEVELOPMENT CORP. LIMITED","STATE",450,20,5.7,0,5.14,5.14,1,"Critical","Super Critical","Inadequate linkage"
2009-02-16,"EASTERN","WEST BENGAL","RAIL","D.P.L. TPS","DURGAPUR PROJECTS LIMITED","STATE",630,20,10.7,0,46.16,46.16,4,"Critical",NA,"Less receipt - EMTA"
2009-02-16,"EASTERN","WEST BENGAL","RAIL","KOLAGHAT TPS","WEST BENGAL POWER DEVELOPMENT CORP. LIMITED","STATE",1260,25,21.3,0,221.5,221.5,10,NA,NA,NA
2009-02-16,"EASTERN","WEST BENGAL","RAIL","SAGARDIGHI TPS","WEST BENGAL POWER DEVELOPMENT CORP. LIMITED","STATE",600,20,7.9,0,0,0,0,"Critical","Super Critical","Inadequate linkage"
2009-02-16,"EASTERN","WEST BENGAL","RAIL","SANTALDIH TPS","WEST BENGAL POWER DEVELOPMENT CORP. LIMITED","STATE",980,20,8.2,0,121,121,15,NA,NA,NA
2009-02-16,"EASTERN","WEST BENGAL","RAIL","BUDGE BUDGE TPS","CALCUTTA ELECTRIC SUPPLY CO. LTD.","PRIVATE",750,20,7.9,0,111.69,111.69,14,NA,NA,NA
2009-02-16,"EASTERN","WEST BENGAL","RAIL","NEW COSSIPORE TPS","CALCUTTA ELECTRIC SUPPLY CO. LTD.","PRIVATE",160,20,1.4,0,21.12,21.12,15,NA,NA,NA
2009-02-16,"EASTERN","WEST BENGAL","RAIL","SOUTHERN REPL. TPS","CALCUTTA ELECTRIC SUPPLY CO. LTD.","PRIVATE",135,25,2.5,0,47.53,47.53,19,NA,NA,NA
2009-02-16,"EASTERN","WEST BENGAL","RAIL","TITAGARH TPS","CALCUTTA ELECTRIC SUPPLY CO. LTD.","PRIVATE",240,20,3.9,0,55.09,55.09,14,NA,NA,NA
2009-02-16,"EASTERN","WEST BENGAL","RAIL","FARAKKA STPS","NTPC LIMITED.","CENTRAL",2100,15,37.5,0,85.38,85.38,2,"Critical","Super Critical","Less Receipt - ECL"
2009-02-17,"NORTHERN","DELHI","RAIL","I.P.  T.P.S.","INDRAPRASTHA  POWER GENERATION COMPANY LIMITED","STATE",247.5,25,3.4,0,38.54,38.54,11,NA,NA,NA
2009-02-17,"NORTHERN","DELHI","RAIL","RAJGHAT TPS","INDRAPRASTHA  POWER GENERATION COMPANY LIMITED","STATE",135,25,2.3,0,87.03,87.03,37,NA,NA,NA
2009-02-17,"NORTHERN","DELHI","RAIL","BADARPUR TPS","NTPC LIMITED.","CENTRAL",705,30,14.8,0,69.31,69.31,5,"Critical",NA,"Less Receipt - CCL"
2009-02-17,"NORTHERN","HARYANA","RAIL","FARIDABAD TPS.","HARYANA POWER  GENERATION CORPORATION LIMITED","STATE",55,25,2.1,0,32.82,32.82,15,NA,NA,NA
2009-02-17,"NORTHERN","HARYANA","RAIL","PANIPAT TPS","HARYANA POWER  GENERATION CORPORATION LIMITED","STATE",1360,25,26.8,0,30.43,30.43,1,"Critical","Super Critical","Less Receipt - CCL"
2009-02-17,"NORTHERN","HARYANA","RAIL","YAMUNA NAGAR TPS","HARYANA POWER  GENERATION CORPORATION LIMITED","STATE",600,25,10.7,0,42.06,42.06,4,"Critical",NA,"Inadequate linkage"
2009-02-17,"NORTHERN","PUNJAB","RAIL","GH TPS (LEH.MOH.)","PUNJAB STATE POWER CORP. LTD.","STATE",920,30,15.5,0,40.76,40.76,3,"Critical","Super Critical","Inadequate linkage"
2009-02-17,"NORTHERN","PUNJAB","RAIL","GND TPS(BHATINDA)","PUNJAB STATE POWER CORP. LTD.","STATE",440,30,7,0,54.51,54.51,8,NA,NA,NA
2009-02-17,"NORTHERN","PUNJAB","RAIL","ROPAR TPS","PUNJAB STATE POWER CORP. LTD.","STATE",1260,30,22.1,0,83.97,83.97,4,"Critical",NA,"Inadequate linkage"
2009-02-17,"NORTHERN","RAJASTHAN","RAIL","KOTA TPS","RAJASTHAN RAJYA VIDYUT UTPADAN NIGAM LIMITED","STATE",1240,30,21.6,23.55,193.88,217.43,10,NA,NA,NA
2009-02-17,"NORTHERN","RAJASTHAN","RAIL","SURATGARH TPS","RAJASTHAN RAJYA VIDYUT UTPADAN NIGAM LIMITED","STATE",1500,30,27,0,140.12,140.12,5,"Critical",NA,"Inadequate linkage"
2009-02-17,"NORTHERN","UTTAR PRADESH","PITHEAD","ANPARA TPS","UTTAR PRADESH RAJYA VIDYUT UTPADAN NIGAM LIMITED","STATE",1630,15,28.6,0,191,191,7,NA,NA,NA
2009-02-17,"NORTHERN","UTTAR PRADESH","RAIL","HARDUAGANJ TPS","UTTAR PRADESH RAJYA VIDYUT UTPADAN NIGAM LIMITED","STATE",665,25,3.2,0,16,16,5,"Critical",NA,"Inadequate linkage"
2009-02-17,"NORTHERN","UTTAR PRADESH","RAIL","OBRA TPS","UTTAR PRADESH RAJYA VIDYUT UTPADAN NIGAM LIMITED","STATE",1278,20,16.1,0,169.26,169.26,11,NA,NA,NA
2009-02-17,"NORTHERN","UTTAR PRADESH","RAIL","PANKI TPS","UTTAR PRADESH RAJYA VIDYUT UTPADAN NIGAM LIMITED","STATE",210,30,4.3,0,15.44,15.44,4,"Critical",NA,"Inadequate linkage"
2009-02-17,"NORTHERN","UTTAR PRADESH","RAIL","PARICHHA TPS","UTTAR PRADESH RAJYA VIDYUT UTPADAN NIGAM LIMITED","STATE",1140,30,12.5,0,23.79,23.79,2,"Critical","Super Critical","Less receipt-CCL"
2009-02-17,"NORTHERN","UTTAR PRADESH","RAIL","DADRI (NCTPP)","NTPC LIMITED.","CENTRAL",1820,30,16.1,0,173.81,173.81,11,NA,NA,NA
2009-02-17,"NORTHERN","UTTAR PRADESH","PITHEAD","RIHAND STPS","NTPC LIMITED.","CENTRAL",3000,15,38.2,0,461.67,461.67,12,NA,NA,NA
2009-02-17,"NORTHERN","UTTAR PRADESH","PITHEAD","SINGRAULI STPS","NTPC LIMITED.","CENTRAL",2000,15,34.3,0,333.89,333.89,10,NA,NA,NA
2009-02-17,"NORTHERN","UTTAR PRADESH","RAIL","TANDA TPS","NTPC LIMITED.","CENTRAL",440,25,8.9,0,137.33,137.33,15,NA,NA,NA
2009-02-17,"NORTHERN","UTTAR PRADESH","RAIL","UNCHAHAR TPS","NTPC LIMITED.","CENTRAL",1050,25,21.4,0,126.59,126.59,6,"Critical",NA,"Unloading Constraint"
2009-02-17,"WESTERN","CHHATTISGARH","RAIL","DSPM TPS","CHHATTISGARH STATE POWER GENERATION CO. LTD.","STATE",500,15,9.6,0,97.91,97.91,10,NA,NA,NA
2009-02-17,"WESTERN","CHHATTISGARH","PITHEAD","KORBA-II","CHHATTISGARH STATE POWER GENERATION CO. LTD.","STATE",440,15,8.6,0,82.77,82.77,10,NA,NA,NA
2009-02-17,"WESTERN","CHHATTISGARH","PITHEAD","KORBA-WEST TPS","CHHATTISGARH STATE POWER GENERATION CO. LTD.","STATE",1340,15,13.2,0,268.6,268.6,20,NA,NA,NA
2009-02-17,"WESTERN","CHHATTISGARH","PITHEAD","KORBA STPS","NTPC LIMITED.","CENTRAL",2600,15,34.3,0,473.12,473.12,14,NA,NA,NA
2009-02-17,"WESTERN","CHHATTISGARH","RAIL","SIPAT STPS","NTPC LIMITED.","CENTRAL",2980,20,16.8,0,25.91,25.91,2,"Critical","Super Critical","Less Receipt - SECL"
2009-02-17,"WESTERN","GUJARAT","RAIL","GANDHI NAGAR TPS","GUJARAT STATE ELECTRICITY CORPORATION LIMITED","STATE",870,30,13.6,0.1,31.25,31.35,2,"Critical","Super Critical","Less Receipt - SECL"
2009-02-17,"WESTERN","GUJARAT","RAIL","SIKKA REP. TPS","GUJARAT STATE ELECTRICITY CORPORATION LIMITED","STATE",240,30,4.6,20.24,25.98,46.23,10,NA,NA,NA
2009-02-17,"WESTERN","GUJARAT","RAIL","UKAI TPS","GUJARAT STATE ELECTRICITY CORPORATION LIMITED","STATE",1350,30,13.9,0,85.56,85.56,6,"Critical",NA,"Less Receipt - SECL"
2009-02-17,"WESTERN","GUJARAT","RAIL","WANAKBORI TPS","GUJARAT STATE ELECTRICITY CORPORATION LIMITED","STATE",1470,30,25.7,0,66.79,66.79,3,"Critical","Super Critical","Inadequate linkage"
2009-02-17,"WESTERN","GUJARAT","RAIL","SABARMATI (C STATION)","TORRENT POWER LTD","PRIVATE",400,30,4.6,0,12.04,12.04,3,"Critical","Super Critical","Inadequate linkage"
2009-02-17,"WESTERN","MADHYA PRADESH","PITHEAD","AMAR KANTAK","M. P. POWER GENERATING CORPORATION LIMITED","STATE",490,15,6.3,0,93.06,93.06,15,NA,NA,NA
2009-02-17,"WESTERN","MADHYA PRADESH","RAIL","SANJAY GANDHI TPS","M. P. POWER GENERATING CORPORATION LIMITED","STATE",1340,20,19.6,0,89.67,89.67,5,"Critical",NA,"Inadequate linkage"
2009-02-17,"WESTERN","MADHYA PRADESH","RAIL","SATPURA TPS","M. P. POWER GENERATING CORPORATION LIMITED","STATE",1330,20,22.5,0,23.25,23.25,1,"Critical","Super Critical","Less Receipt - WCL"
2009-02-17,"WESTERN","MADHYA PRADESH","PITHEAD","VINDHYACHAL STPS","NTPC LIMITED.","CENTRAL",4260,15,55.4,0,279.7,279.7,5,"Critical",NA,"Inadequate linkage"
2009-02-17,"WESTERN","MAHARASHTRA","RAIL","BHUSAWAL TPS","MAHARASHTRA STATE POWER GENERATION COMPANY LIMITED","STATE",1420,25,8.4,0,34.35,34.35,4,"Critical",NA,"Inadequate linkage"
2009-02-17,"WESTERN","MAHARASHTRA","RAIL","CHANDRAPUR(MAHARASHTRA) STPS","MAHARASHTRA STATE POWER GENERATION COMPANY LIMITED","STATE",2340,20,38.2,0,47.74,47.74,1,"Critical","Super Critical","Inadequate linkage"
2009-02-17,"WESTERN","MAHARASHTRA","RAIL","KHAPARKHEDA TPS","MAHARASHTRA STATE POWER GENERATION COMPANY LIMITED","STATE",1340,20,15.9,0,78.75,78.75,5,"Critical",NA,"Less Receipt"
2009-02-17,"WESTERN","MAHARASHTRA","RAIL","KORADI TPS","MAHARASHTRA STATE POWER GENERATION COMPANY LIMITED","STATE",1040,25,19.8,0,47.45,47.45,2,"Critical","Super Critical","Less Receipt -SECL"
2009-02-17,"WESTERN","MAHARASHTRA","RAIL","NASIK TPS","MAHARASHTRA STATE POWER GENERATION COMPANY LIMITED","STATE",630,25,15.5,0,22.24,22.24,1,"Critical","Super Critical","Inadequate linkage"
2009-02-17,"WESTERN","MAHARASHTRA","RAIL","PARLI TPS","MAHARASHTRA STATE POWER GENERATION COMPANY LIMITED","STATE",1130,25,16.1,0,134.47,134.47,8,NA,NA,NA
2009-02-17,"WESTERN","MAHARASHTRA","RAIL","PARAS TPS","MAHARASHTRA STATE POWER GENERATION COMPANY LIMITED","STATE",500,20,6.3,0,20.65,20.65,3,"Critical","Super Critical","Less Receipt"
2009-02-17,"WESTERN","MAHARASHTRA","RAIL","DAHANU TPS","RELIANCE INFRASTRUCTURE LTD.","PRIVATE",500,25,10.4,66.41,43.49,109.9,11,NA,NA,NA
2009-02-17,"SOUTHERN","ANDHRA PRADESH","RAIL","Dr. N.TATA RAO TPS","ANDHRA PRADESH POWER GENERATION CORP. LIMITED.","STATE",1760,25,22,0,35.9,35.9,2,"Critical","Super Critical","Inadequate linkage"
2009-02-17,"SOUTHERN","ANDHRA PRADESH","RAIL","KOTHAGUDEM TPS","ANDHRA PRADESH POWER GENERATION CORP. LIMITED.","STATE",1720,20,21.4,0,161.34,161.34,8,NA,NA,NA
2009-02-17,"SOUTHERN","ANDHRA PRADESH","ROAD","RAMAGUNDEM - B TPS","ANDHRA PRADESH POWER GENERATION CORP. LIMITED.","STATE",62.5,20,0.9,0,18.42,18.42,21,NA,NA,NA
2009-02-17,"SOUTHERN","ANDHRA PRADESH","RAIL","RAYALASEEMA TPS","ANDHRA PRADESH POWER GENERATION CORP. LIMITED.","STATE",1050,25,16.9,0,30.29,30.29,2,"Critical","Super Critical","Inadequate linkage"
2009-02-17,"SOUTHERN","ANDHRA PRADESH","PITHEAD","RAMAGUNDEM STPS","NTPC LIMITED.","CENTRAL",2600,15,42,0,530.47,530.47,13,NA,NA,NA
2009-02-17,"SOUTHERN","ANDHRA PRADESH","RAIL","SIMHADRI","NTPC LIMITED.","CENTRAL",2000,25,20.7,0,241.36,241.36,12,NA,NA,NA
2009-02-17,"SOUTHERN","KARNATAKA","RAIL","RAICHUR TPS","KARNATAKA POWER CORPORATION LIMITED","STATE",1720,30,31,0,478.4,478.4,15,NA,NA,NA
2009-02-17,"SOUTHERN","TAMIL NADU","INTER MODAL","ENNORE TPS","TAMIL NADU GENERATION & DISTRIBUTION CORP. LTD.","STATE",450,30,8.2,0,38.28,38.28,5,"Critical",NA,"Less Receipt -MCL"
2009-02-17,"SOUTHERN","TAMIL NADU","INTER MODAL","METTUR TPS","TAMIL NADU GENERATION & DISTRIBUTION CORP. LTD.","STATE",1440,30,15.1,37.5,64.24,101.74,7,NA,NA,NA
2009-02-17,"SOUTHERN","TAMIL NADU","INTER MODAL","NORTH CHENNAI TPS","TAMIL NADU GENERATION & DISTRIBUTION CORP. LTD.","STATE",1830,30,11.2,23.49,59.37,82.86,7,NA,NA,NA
2009-02-17,"SOUTHERN","TAMIL NADU","INTER MODAL","TUTICORIN TPS","TAMIL NADU GENERATION & DISTRIBUTION CORP. LTD.","STATE",1050,30,18.7,54.14,138.09,192.23,10,NA,NA,NA
2009-02-17,"EASTERN","BIHAR","RAIL","BARAUNI TPS","BIHAR STATE ELECTRICITY BOARD","STATE",210,20,0.7,0,14.38,14.38,20,NA,NA,NA
2009-02-17,"EASTERN","BIHAR","RAIL","MUZAFFARPUR TPS","KANTI BIJLEE UTPADAN NIGAM LTD.","CENTRAL",220,20,1.1,0,4.31,4.31,4,"Critical",NA,"Less Receipt"
2009-02-17,"EASTERN","BIHAR","PITHEAD","KAHALGAON TPS","NTPC LIMITED.","CENTRAL",2340,15,38.4,0,27.19,27.19,1,"Critical","Super Critical","Less Receipt - ECL"
2009-02-17,"EASTERN","JHARKHAND","RAIL","PATRATU TPS","JHARKHAND STATE ELECTRICITY BOARD","STATE",770,20,5,0,22.52,22.52,5,"Critical",NA,"Less Receipt"
2009-02-17,"EASTERN","JHARKHAND","ROAD","TENUGHAT TPS","TENUGHAT VIDYUT NIGAM LIMITED","STATE",420,20,6.1,0,0.87,0.87,0,"Critical","Super Critical","Inadequate linkage"
2009-02-17,"EASTERN","JHARKHAND","RAIL","BOKARO `B` TPS","DAMODAR VALLEY CORPORATION","CENTRAL",630,20,9.5,0,128.3,128.3,14,NA,NA,NA
2009-02-17,"EASTERN","JHARKHAND","RAIL","CHANDRAPURA(DVC) TPS","DAMODAR VALLEY CORPORATION","CENTRAL",890,20,6.3,0,105.77,105.77,17,NA,NA,NA
2009-02-17,"EASTERN","ORISSA","PITHEAD","IB VALLEY TPS","ORISSA POWER GENERATION CORPORATION LIMITED","STATE",420,15,9.5,0,196.47,196.47,21,NA,NA,NA
2009-02-17,"EASTERN","ORISSA","PITHEAD","TALCHER (OLD) TPS","NTPC LIMITED.","CENTRAL",470,15,8.9,0,72.07,72.07,8,NA,NA,NA
2009-02-17,"EASTERN","ORISSA","PITHEAD","TALCHER STPS","NTPC LIMITED.","CENTRAL",3000,15,64.3,0,143.39,143.39,2,"Critical","Super Critical","Inadequate linkage"
2009-02-17,"EASTERN","WEST BENGAL","RAIL","DURGAPUR TPS","DAMODAR VALLEY CORPORATION","CENTRAL",340,20,5.7,0,173.3,173.3,30,NA,NA,NA
2009-02-17,"EASTERN","WEST BENGAL","RAIL","MEJIA TPS","DAMODAR VALLEY CORPORATION","CENTRAL",2340,20,24.3,0,0,0,0,"Critical","Super Critical","Unloading Constraint"
2009-02-17,"EASTERN","WEST BENGAL","RAIL","BAKRESWAR TPS","WEST BENGAL POWER DEVELOPMENT CORP. LIMITED","STATE",1050,25,12.5,0,232.3,232.3,19,NA,NA,NA
2009-02-17,"EASTERN","WEST BENGAL","RAIL","BANDEL TPS","WEST BENGAL POWER DEVELOPMENT CORP. LIMITED","STATE",450,20,5.7,0,3.71,3.71,1,"Critical","Super Critical","Inadequate linkage"
2009-02-17,"EASTERN","WEST BENGAL","RAIL","D.P.L. TPS","DURGAPUR PROJECTS LIMITED","STATE",630,20,10.7,0,46.16,46.16,4,"Critical",NA,"Less receipt - EMTA"
2009-02-17,"EASTERN","WEST BENGAL","RAIL","KOLAGHAT TPS","WEST BENGAL POWER DEVELOPMENT CORP. LIMITED","STATE",1260,25,21.3,0,228.22,228.22,11,NA,NA,NA
2009-02-17,"EASTERN","WEST BENGAL","RAIL","SAGARDIGHI TPS","WEST BENGAL POWER DEVELOPMENT CORP. LIMITED","STATE",600,20,7.9,0,0.77,0.77,0,"Critical","Super Critical","Unloading Constraint"
2009-02-17,"EASTERN","WEST BENGAL","RAIL","SANTALDIH TPS","WEST BENGAL POWER DEVELOPMENT CORP. LIMITED","STATE",980,20,8.2,0,123.35,123.35,15,NA,NA,NA
2009-02-17,"EASTERN","WEST BENGAL","RAIL","BUDGE BUDGE TPS","CALCUTTA ELECTRIC SUPPLY CO. LTD.","PRIVATE",750,20,7.9,0,109.06,109.06,14,NA,NA,NA
2009-02-17,"EASTERN","WEST BENGAL","RAIL","NEW COSSIPORE TPS","CALCUTTA ELECTRIC SUPPLY CO. LTD.","PRIVATE",160,20,1.4,0,23.45,23.45,16,NA,NA,NA
2009-02-17,"EASTERN","WEST BENGAL","RAIL","SOUTHERN REPL. TPS","CALCUTTA ELECTRIC SUPPLY CO. LTD.","PRIVATE",135,25,2.5,0,45.51,45.51,18,NA,NA,NA
2009-02-17,"EASTERN","WEST BENGAL","RAIL","TITAGARH TPS","CALCUTTA ELECTRIC SUPPLY CO. LTD.","PRIVATE",240,20,3.9,0,59.29,59.29,15,NA,NA,NA
2009-02-17,"EASTERN","WEST BENGAL","RAIL","FARAKKA STPS","NTPC LIMITED.","CENTRAL",2100,15,37.5,0,88.64,88.64,2,"Critical","Super Critical","Less Receipt - ECL"
2009-02-18,"NORTHERN","DELHI","RAIL","I.P.  T.P.S.","INDRAPRASTHA  POWER GENERATION COMPANY LIMITED","STATE",247.5,25,3.4,0,36.87,36.87,11,NA,NA,NA
2009-02-18,"NORTHERN","DELHI","RAIL","RAJGHAT TPS","INDRAPRASTHA  POWER GENERATION COMPANY LIMITED","STATE",135,25,2.3,0,88.71,88.71,38,NA,NA,NA
2009-02-18,"NORTHERN","DELHI","RAIL","BADARPUR TPS","NTPC LIMITED.","CENTRAL",705,30,14.8,0,71.61,71.61,5,"Critical",NA,"Less Receipt - CCL"
2009-02-18,"NORTHERN","HARYANA","RAIL","FARIDABAD TPS.","HARYANA POWER  GENERATION CORPORATION LIMITED","STATE",55,25,2.1,0,30.76,30.76,14,NA,NA,NA
2009-02-18,"NORTHERN","HARYANA","RAIL","PANIPAT TPS","HARYANA POWER  GENERATION CORPORATION LIMITED","STATE",1360,25,26.8,0,41.92,41.92,2,"Critical","Super Critical","Less Receipt - CCL"
2009-02-18,"NORTHERN","HARYANA","RAIL","YAMUNA NAGAR TPS","HARYANA POWER  GENERATION CORPORATION LIMITED","STATE",600,25,10.7,0,38.79,38.79,4,"Critical",NA,"Inadequate linkage"
2009-02-18,"NORTHERN","PUNJAB","RAIL","GH TPS (LEH.MOH.)","PUNJAB STATE POWER CORP. LTD.","STATE",920,30,15.5,0,37.12,37.12,2,"Critical","Super Critical","Inadequate linkage"
2009-02-18,"NORTHERN","PUNJAB","RAIL","GND TPS(BHATINDA)","PUNJAB STATE POWER CORP. LTD.","STATE",440,30,7,0,56.93,56.93,8,NA,NA,NA
2009-02-18,"NORTHERN","PUNJAB","RAIL","ROPAR TPS","PUNJAB STATE POWER CORP. LTD.","STATE",1260,30,22.1,0,75.94,75.94,3,"Critical","Super Critical","Inadequate linkage"
2009-02-18,"NORTHERN","RAJASTHAN","RAIL","KOTA TPS","RAJASTHAN RAJYA VIDYUT UTPADAN NIGAM LIMITED","STATE",1240,30,21.6,21.88,200.08,221.96,10,NA,NA,NA
2009-02-18,"NORTHERN","RAJASTHAN","RAIL","SURATGARH TPS","RAJASTHAN RAJYA VIDYUT UTPADAN NIGAM LIMITED","STATE",1500,30,27,0,138.01,138.01,5,"Critical",NA,"Inadequate linkage"
2009-02-18,"NORTHERN","UTTAR PRADESH","PITHEAD","ANPARA TPS","UTTAR PRADESH RAJYA VIDYUT UTPADAN NIGAM LIMITED","STATE",1630,15,28.6,0,194.96,194.96,7,NA,NA,NA
2009-02-18,"NORTHERN","UTTAR PRADESH","RAIL","HARDUAGANJ TPS","UTTAR PRADESH RAJYA VIDYUT UTPADAN NIGAM LIMITED","STATE",665,25,3.2,0,15.85,15.85,5,"Critical",NA,"Inadequate linkage"
2009-02-18,"NORTHERN","UTTAR PRADESH","RAIL","OBRA TPS","UTTAR PRADESH RAJYA VIDYUT UTPADAN NIGAM LIMITED","STATE",1278,20,16.1,0,172.39,172.39,11,NA,NA,NA
2009-02-18,"NORTHERN","UTTAR PRADESH","RAIL","PANKI TPS","UTTAR PRADESH RAJYA VIDYUT UTPADAN NIGAM LIMITED","STATE",210,30,4.3,0,14.81,14.81,3,"Critical","Super Critical","Inadequate linkage"
2009-02-18,"NORTHERN","UTTAR PRADESH","RAIL","PARICHHA TPS","UTTAR PRADESH RAJYA VIDYUT UTPADAN NIGAM LIMITED","STATE",1140,30,12.5,0,23.2,23.2,2,"Critical","Super Critical","Less receipt-CCL"
2009-02-18,"NORTHERN","UTTAR PRADESH","RAIL","DADRI (NCTPP)","NTPC LIMITED.","CENTRAL",1820,30,16.1,0,175.44,175.44,11,NA,NA,NA
2009-02-18,"NORTHERN","UTTAR PRADESH","PITHEAD","RIHAND STPS","NTPC LIMITED.","CENTRAL",3000,15,38.2,0,465.54,465.54,12,NA,NA,NA
2009-02-18,"NORTHERN","UTTAR PRADESH","PITHEAD","SINGRAULI STPS","NTPC LIMITED.","CENTRAL",2000,15,34.3,0,339.55,339.55,10,NA,NA,NA
2009-02-18,"NORTHERN","UTTAR PRADESH","RAIL","TANDA TPS","NTPC LIMITED.","CENTRAL",440,25,8.9,0,136.96,136.96,15,NA,NA,NA
2009-02-18,"NORTHERN","UTTAR PRADESH","RAIL","UNCHAHAR TPS","NTPC LIMITED.","CENTRAL",1050,25,21.4,0,128.55,128.55,6,"Critical",NA,"Unloading Constraint"
2009-02-18,"WESTERN","CHHATTISGARH","RAIL","DSPM TPS","CHHATTISGARH STATE POWER GENERATION CO. LTD.","STATE",500,15,9.6,0,101.33,101.33,11,NA,NA,NA
2009-02-18,"WESTERN","CHHATTISGARH","PITHEAD","KORBA-II","CHHATTISGARH STATE POWER GENERATION CO. LTD.","STATE",440,15,8.6,0,81.57,81.57,10,NA,NA,NA
2009-02-18,"WESTERN","CHHATTISGARH","PITHEAD","KORBA-WEST TPS","CHHATTISGARH STATE POWER GENERATION CO. LTD.","STATE",1340,15,13.2,0,270.52,270.52,20,NA,NA,NA
2009-02-18,"WESTERN","CHHATTISGARH","PITHEAD","KORBA STPS","NTPC LIMITED.","CENTRAL",2600,15,34.3,0,470.3,470.3,14,NA,NA,NA
2009-02-18,"WESTERN","CHHATTISGARH","RAIL","SIPAT STPS","NTPC LIMITED.","CENTRAL",2980,20,16.8,0,19.98,19.98,1,"Critical","Super Critical","Less Receipt - SECL"
2009-02-18,"WESTERN","GUJARAT","RAIL","GANDHI NAGAR TPS","GUJARAT STATE ELECTRICITY CORPORATION LIMITED","STATE",870,30,13.6,0,27.5,27.5,2,"Critical","Super Critical","Less Receipt - SECL"
2009-02-18,"WESTERN","GUJARAT","RAIL","SIKKA REP. TPS","GUJARAT STATE ELECTRICITY CORPORATION LIMITED","STATE",240,30,4.6,19.23,22.98,42.21,9,NA,NA,NA
2009-02-18,"WESTERN","GUJARAT","RAIL","UKAI TPS","GUJARAT STATE ELECTRICITY CORPORATION LIMITED","STATE",1350,30,13.9,0,86.38,86.38,6,"Critical",NA,"Less Receipt - SECL"
2009-02-18,"WESTERN","GUJARAT","RAIL","WANAKBORI TPS","GUJARAT STATE ELECTRICITY CORPORATION LIMITED","STATE",1470,30,25.7,0,72.28,72.28,3,"Critical","Super Critical","Inadequate linkage"
2009-02-18,"WESTERN","GUJARAT","RAIL","SABARMATI (C STATION)","TORRENT POWER LTD","PRIVATE",400,30,4.6,0,14.85,14.85,3,"Critical","Super Critical","Inadequate linkage"
2009-02-18,"WESTERN","MADHYA PRADESH","PITHEAD","AMAR KANTAK","M. P. POWER GENERATING CORPORATION LIMITED","STATE",490,15,6.3,0,92.19,92.19,15,NA,NA,NA
2009-02-18,"WESTERN","MADHYA PRADESH","RAIL","SANJAY GANDHI TPS","M. P. POWER GENERATING CORPORATION LIMITED","STATE",1340,20,19.6,0,90.94,90.94,5,"Critical",NA,"Inadequate linkage"
2009-02-18,"WESTERN","MADHYA PRADESH","RAIL","SATPURA TPS","M. P. POWER GENERATING CORPORATION LIMITED","STATE",1330,20,22.5,0,28.47,28.47,1,"Critical","Super Critical","Less Receipt - WCL"
2009-02-18,"WESTERN","MADHYA PRADESH","PITHEAD","VINDHYACHAL STPS","NTPC LIMITED.","CENTRAL",4260,15,55.4,0,289.78,289.78,5,"Critical",NA,"Inadequate linkage"
2009-02-18,"WESTERN","MAHARASHTRA","RAIL","BHUSAWAL TPS","MAHARASHTRA STATE POWER GENERATION COMPANY LIMITED","STATE",1420,25,8.4,0,37.79,37.79,5,"Critical",NA,"Inadequate linkage"
2009-02-18,"WESTERN","MAHARASHTRA","RAIL","CHANDRAPUR(MAHARASHTRA) STPS","MAHARASHTRA STATE POWER GENERATION COMPANY LIMITED","STATE",2340,20,38.2,0,54.13,54.13,1,"Critical","Super Critical","Inadequate linkage"
2009-02-18,"WESTERN","MAHARASHTRA","RAIL","KHAPARKHEDA TPS","MAHARASHTRA STATE POWER GENERATION COMPANY LIMITED","STATE",1340,20,15.9,0,74.79,74.79,5,"Critical",NA,"Less Receipt"
2009-02-18,"WESTERN","MAHARASHTRA","RAIL","KORADI TPS","MAHARASHTRA STATE POWER GENERATION COMPANY LIMITED","STATE",1040,25,19.8,0,50.39,50.39,3,"Critical","Super Critical","Less Receipt -SECL"
2009-02-18,"WESTERN","MAHARASHTRA","RAIL","NASIK TPS","MAHARASHTRA STATE POWER GENERATION COMPANY LIMITED","STATE",630,25,15.5,0,21.15,21.15,1,"Critical","Super Critical","Inadequate linkage"
2009-02-18,"WESTERN","MAHARASHTRA","RAIL","PARLI TPS","MAHARASHTRA STATE POWER GENERATION COMPANY LIMITED","STATE",1130,25,16.1,0,134.35,134.35,8,NA,NA,NA
2009-02-18,"WESTERN","MAHARASHTRA","RAIL","PARAS TPS","MAHARASHTRA STATE POWER GENERATION COMPANY LIMITED","STATE",500,20,6.3,0,20.84,20.84,3,"Critical","Super Critical","Less Receipt"
2009-02-18,"WESTERN","MAHARASHTRA","RAIL","DAHANU TPS","RELIANCE INFRASTRUCTURE LTD.","PRIVATE",500,25,10.4,63.85,42.53,106.37,10,NA,NA,NA
2009-02-18,"SOUTHERN","ANDHRA PRADESH","RAIL","Dr. N.TATA RAO TPS","ANDHRA PRADESH POWER GENERATION CORP. LIMITED.","STATE",1760,25,22,0,39.78,39.78,2,"Critical","Super Critical","Inadequate linkage"
2009-02-18,"SOUTHERN","ANDHRA PRADESH","RAIL","KOTHAGUDEM TPS","ANDHRA PRADESH POWER GENERATION CORP. LIMITED.","STATE",1720,20,21.4,0,163.32,163.32,8,NA,NA,NA
2009-02-18,"SOUTHERN","ANDHRA PRADESH","ROAD","RAMAGUNDEM - B TPS","ANDHRA PRADESH POWER GENERATION CORP. LIMITED.","STATE",62.5,20,0.9,0,18.34,18.34,21,NA,NA,NA
2009-02-18,"SOUTHERN","ANDHRA PRADESH","RAIL","RAYALASEEMA TPS","ANDHRA PRADESH POWER GENERATION CORP. LIMITED.","STATE",1050,25,16.9,0,36.64,36.64,2,"Critical","Super Critical","Inadequate linkage"
2009-02-18,"SOUTHERN","ANDHRA PRADESH","PITHEAD","RAMAGUNDEM STPS","NTPC LIMITED.","CENTRAL",2600,15,42,0,534.88,534.88,13,NA,NA,NA
2009-02-18,"SOUTHERN","ANDHRA PRADESH","RAIL","SIMHADRI","NTPC LIMITED.","CENTRAL",2000,25,20.7,0,257.81,257.81,12,NA,NA,NA
2009-02-18,"SOUTHERN","KARNATAKA","RAIL","RAICHUR TPS","KARNATAKA POWER CORPORATION LIMITED","STATE",1720,30,31,0,468.41,468.41,15,NA,NA,NA
2009-02-18,"SOUTHERN","TAMIL NADU","INTER MODAL","ENNORE TPS","TAMIL NADU GENERATION & DISTRIBUTION CORP. LTD.","STATE",450,30,8.2,0,42.54,42.54,5,"Critical",NA,"Less Receipt -MCL"
2009-02-18,"SOUTHERN","TAMIL NADU","INTER MODAL","METTUR TPS","TAMIL NADU GENERATION & DISTRIBUTION CORP. LTD.","STATE",1440,30,15.1,35.63,67.54,103.16,7,NA,NA,NA
2009-02-18,"SOUTHERN","TAMIL NADU","INTER MODAL","NORTH CHENNAI TPS","TAMIL NADU GENERATION & DISTRIBUTION CORP. LTD.","STATE",1830,30,11.2,21.52,51.39,72.91,7,NA,NA,NA
2009-02-18,"SOUTHERN","TAMIL NADU","INTER MODAL","TUTICORIN TPS","TAMIL NADU GENERATION & DISTRIBUTION CORP. LTD.","STATE",1050,30,18.7,50.7,126.11,176.81,9,NA,NA,NA
2009-02-18,"EASTERN","BIHAR","RAIL","BARAUNI TPS","BIHAR STATE ELECTRICITY BOARD","STATE",210,20,0.7,0,18.17,18.17,25,NA,NA,NA
2009-02-18,"EASTERN","BIHAR","RAIL","MUZAFFARPUR TPS","KANTI BIJLEE UTPADAN NIGAM LTD.","CENTRAL",220,20,1.1,0,5.55,5.55,5,"Critical",NA,"Less Receipt"
2009-02-18,"EASTERN","BIHAR","PITHEAD","KAHALGAON TPS","NTPC LIMITED.","CENTRAL",2340,15,38.4,0,39.31,39.31,1,"Critical","Super Critical","Less Receipt - ECL"
2009-02-18,"EASTERN","JHARKHAND","RAIL","PATRATU TPS","JHARKHAND STATE ELECTRICITY BOARD","STATE",770,20,5,0,21.05,21.05,4,"Critical",NA,"Less Receipt"
2009-02-18,"EASTERN","JHARKHAND","ROAD","TENUGHAT TPS","TENUGHAT VIDYUT NIGAM LIMITED","STATE",420,20,6.1,0,0.87,0.87,0,"Critical","Super Critical","Inadequate linkage"
2009-02-18,"EASTERN","JHARKHAND","RAIL","BOKARO `B` TPS","DAMODAR VALLEY CORPORATION","CENTRAL",630,20,9.5,0,132.27,132.27,14,NA,NA,NA
2009-02-18,"EASTERN","JHARKHAND","RAIL","CHANDRAPURA(DVC) TPS","DAMODAR VALLEY CORPORATION","CENTRAL",890,20,6.3,0,108.8,108.8,17,NA,NA,NA
2009-02-18,"EASTERN","ORISSA","PITHEAD","IB VALLEY TPS","ORISSA POWER GENERATION CORPORATION LIMITED","STATE",420,15,9.5,0,196.4,196.4,21,NA,NA,NA
2009-02-18,"EASTERN","ORISSA","PITHEAD","TALCHER (OLD) TPS","NTPC LIMITED.","CENTRAL",470,15,8.9,0,67.63,67.63,8,NA,NA,NA
2009-02-18,"EASTERN","ORISSA","PITHEAD","TALCHER STPS","NTPC LIMITED.","CENTRAL",3000,15,64.3,0,125.59,125.59,2,"Critical","Super Critical","Inadequate linkage"
2009-02-18,"EASTERN","WEST BENGAL","RAIL","DURGAPUR TPS","DAMODAR VALLEY CORPORATION","CENTRAL",340,20,5.7,0,172.08,172.08,30,NA,NA,NA
2009-02-18,"EASTERN","WEST BENGAL","RAIL","MEJIA TPS","DAMODAR VALLEY CORPORATION","CENTRAL",2340,20,24.3,0,0,0,0,"Critical","Super Critical","Unloading Constraint"
2009-02-18,"EASTERN","WEST BENGAL","RAIL","BAKRESWAR TPS","WEST BENGAL POWER DEVELOPMENT CORP. LIMITED","STATE",1050,25,12.5,0,233.69,233.69,19,NA,NA,NA
2009-02-18,"EASTERN","WEST BENGAL","RAIL","BANDEL TPS","WEST BENGAL POWER DEVELOPMENT CORP. LIMITED","STATE",450,20,5.7,0,5.34,5.34,1,"Critical","Super Critical","Inadequate linkage"
2009-02-18,"EASTERN","WEST BENGAL","RAIL","D.P.L. TPS","DURGAPUR PROJECTS LIMITED","STATE",630,20,10.7,0,25.58,25.58,2,"Critical","Super Critical","Less receipt - EMTA"
2009-02-18,"EASTERN","WEST BENGAL","RAIL","KOLAGHAT TPS","WEST BENGAL POWER DEVELOPMENT CORP. LIMITED","STATE",1260,25,21.3,0,236.15,236.15,11,NA,NA,NA
2009-02-18,"EASTERN","WEST BENGAL","RAIL","SAGARDIGHI TPS","WEST BENGAL POWER DEVELOPMENT CORP. LIMITED","STATE",600,20,7.9,0,0,0,0,"Critical","Super Critical","Unloading Constraint"
2009-02-18,"EASTERN","WEST BENGAL","RAIL","SANTALDIH TPS","WEST BENGAL POWER DEVELOPMENT CORP. LIMITED","STATE",980,20,8.2,0,122.04,122.04,15,NA,NA,NA
2009-02-18,"EASTERN","WEST BENGAL","RAIL","BUDGE BUDGE TPS","CALCUTTA ELECTRIC SUPPLY CO. LTD.","PRIVATE",750,20,7.9,0,106.47,106.47,14,NA,NA,NA
2009-02-18,"EASTERN","WEST BENGAL","RAIL","NEW COSSIPORE TPS","CALCUTTA ELECTRIC SUPPLY CO. LTD.","PRIVATE",160,20,1.4,0,22.3,22.3,16,NA,NA,NA
2009-02-18,"EASTERN","WEST BENGAL","RAIL","SOUTHERN REPL. TPS","CALCUTTA ELECTRIC SUPPLY CO. LTD.","PRIVATE",135,25,2.5,0,47.09,47.09,19,NA,NA,NA
2009-02-18,"EASTERN","WEST BENGAL","RAIL","TITAGARH TPS","CALCUTTA ELECTRIC SUPPLY CO. LTD.","PRIVATE",240,20,3.9,0,56.06,56.06,14,NA,NA,NA
2009-02-18,"EASTERN","WEST BENGAL","RAIL","FARAKKA STPS","NTPC LIMITED.","CENTRAL",2100,15,37.5,0,88.11,88.11,2,"Critical","Super Critical","Less Receipt - ECL"
2009-02-19,"NORTHERN","DELHI","RAIL","I.P.  T.P.S.","INDRAPRASTHA  POWER GENERATION COMPANY LIMITED","STATE",247.5,25,3.4,0,38.23,38.23,11,NA,NA,NA
2009-02-19,"NORTHERN","DELHI","RAIL","RAJGHAT TPS","INDRAPRASTHA  POWER GENERATION COMPANY LIMITED","STATE",135,25,2.3,0,89.07,89.07,38,NA,NA,NA
2009-02-19,"NORTHERN","DELHI","RAIL","BADARPUR TPS","NTPC LIMITED.","CENTRAL",705,30,14.8,0,69.91,69.91,5,"Critical",NA,"Less Receipt - CCL"
2009-02-19,"NORTHERN","HARYANA","RAIL","FARIDABAD TPS.","HARYANA POWER  GENERATION CORPORATION LIMITED","STATE",55,25,2.1,0,28.88,28.88,13,NA,NA,NA
2009-02-19,"NORTHERN","HARYANA","RAIL","PANIPAT TPS","HARYANA POWER  GENERATION CORPORATION LIMITED","STATE",1360,25,26.8,0,41.14,41.14,2,"Critical","Super Critical","Less Receipt - CCL"
2009-02-19,"NORTHERN","HARYANA","RAIL","YAMUNA NAGAR TPS","HARYANA POWER  GENERATION CORPORATION LIMITED","STATE",600,25,10.7,0,35.62,35.62,3,"Critical","Super Critical","Inadequate linkage"
2009-02-19,"NORTHERN","PUNJAB","RAIL","GH TPS (LEH.MOH.)","PUNJAB STATE POWER CORP. LTD.","STATE",920,30,15.5,0,44.04,44.04,3,"Critical","Super Critical","Inadequate linkage"
2009-02-19,"NORTHERN","PUNJAB","RAIL","GND TPS(BHATINDA)","PUNJAB STATE POWER CORP. LTD.","STATE",440,30,7,0,59.28,59.28,9,NA,NA,NA
2009-02-19,"NORTHERN","PUNJAB","RAIL","ROPAR TPS","PUNJAB STATE POWER CORP. LTD.","STATE",1260,30,22.1,0,85.7,85.7,4,"Critical",NA,"Inadequate linkage"
2009-02-19,"NORTHERN","RAJASTHAN","RAIL","KOTA TPS","RAJASTHAN RAJYA VIDYUT UTPADAN NIGAM LIMITED","STATE",1240,30,21.6,21.88,200.08,221.96,10,NA,NA,NA
2009-02-19,"NORTHERN","RAJASTHAN","RAIL","SURATGARH TPS","RAJASTHAN RAJYA VIDYUT UTPADAN NIGAM LIMITED","STATE",1500,30,27,0,128.63,128.63,5,"Critical",NA,"Inadequate linkage"
2009-02-19,"NORTHERN","UTTAR PRADESH","PITHEAD","ANPARA TPS","UTTAR PRADESH RAJYA VIDYUT UTPADAN NIGAM LIMITED","STATE",1630,15,28.6,0,193.41,193.41,7,NA,NA,NA
2009-02-19,"NORTHERN","UTTAR PRADESH","RAIL","HARDUAGANJ TPS","UTTAR PRADESH RAJYA VIDYUT UTPADAN NIGAM LIMITED","STATE",665,25,3.2,0,15.7,15.7,5,"Critical",NA,"Inadequate linkage"
2009-02-19,"NORTHERN","UTTAR PRADESH","RAIL","OBRA TPS","UTTAR PRADESH RAJYA VIDYUT UTPADAN NIGAM LIMITED","STATE",1278,20,16.1,0,174.25,174.25,11,NA,NA,NA
2009-02-19,"NORTHERN","UTTAR PRADESH","RAIL","PANKI TPS","UTTAR PRADESH RAJYA VIDYUT UTPADAN NIGAM LIMITED","STATE",210,30,4.3,0,11.47,11.47,3,"Critical","Super Critical","Inadequate linkage"
2009-02-19,"NORTHERN","UTTAR PRADESH","RAIL","PARICHHA TPS","UTTAR PRADESH RAJYA VIDYUT UTPADAN NIGAM LIMITED","STATE",1140,30,12.5,0,22.82,22.82,2,"Critical","Super Critical","Less receipt-CCL"
2009-02-19,"NORTHERN","UTTAR PRADESH","RAIL","DADRI (NCTPP)","NTPC LIMITED.","CENTRAL",1820,30,16.1,0,174.53,174.53,11,NA,NA,NA
2009-02-19,"NORTHERN","UTTAR PRADESH","PITHEAD","RIHAND STPS","NTPC LIMITED.","CENTRAL",3000,15,38.2,0,470.05,470.05,12,NA,NA,NA
2009-02-19,"NORTHERN","UTTAR PRADESH","PITHEAD","SINGRAULI STPS","NTPC LIMITED.","CENTRAL",2000,15,34.3,0,347.42,347.42,10,NA,NA,NA
2009-02-19,"NORTHERN","UTTAR PRADESH","RAIL","TANDA TPS","NTPC LIMITED.","CENTRAL",440,25,8.9,0,129.17,129.17,14,NA,NA,NA
2009-02-19,"NORTHERN","UTTAR PRADESH","RAIL","UNCHAHAR TPS","NTPC LIMITED.","CENTRAL",1050,25,21.4,0,127.59,127.59,6,"Critical",NA,"Unloading Constraint"
2009-02-19,"WESTERN","CHHATTISGARH","RAIL","DSPM TPS","CHHATTISGARH STATE POWER GENERATION CO. LTD.","STATE",500,15,9.6,0,100.55,100.55,10,NA,NA,NA
2009-02-19,"WESTERN","CHHATTISGARH","PITHEAD","KORBA-II","CHHATTISGARH STATE POWER GENERATION CO. LTD.","STATE",440,15,8.6,0,81.45,81.45,10,NA,NA,NA
2009-02-19,"WESTERN","CHHATTISGARH","PITHEAD","KORBA-WEST TPS","CHHATTISGARH STATE POWER GENERATION CO. LTD.","STATE",1340,15,13.2,0,271.32,271.32,21,NA,NA,NA
2009-02-19,"WESTERN","CHHATTISGARH","PITHEAD","KORBA STPS","NTPC LIMITED.","CENTRAL",2600,15,34.3,0,471.87,471.87,14,NA,NA,NA
2009-02-19,"WESTERN","CHHATTISGARH","RAIL","SIPAT STPS","NTPC LIMITED.","CENTRAL",2980,20,16.8,0,21.57,21.57,1,"Critical","Super Critical","Less Receipt - SECL"
2009-02-19,"WESTERN","GUJARAT","RAIL","GANDHI NAGAR TPS","GUJARAT STATE ELECTRICITY CORPORATION LIMITED","STATE",870,30,13.6,0,27.5,27.5,2,"Critical","Super Critical","Less Receipt - SECL"
2009-02-19,"WESTERN","GUJARAT","RAIL","SIKKA REP. TPS","GUJARAT STATE ELECTRICITY CORPORATION LIMITED","STATE",240,30,4.6,19.23,22.98,42.21,9,NA,NA,NA
2009-02-19,"WESTERN","GUJARAT","RAIL","UKAI TPS","GUJARAT STATE ELECTRICITY CORPORATION LIMITED","STATE",1350,30,13.9,0,86.38,86.38,6,"Critical",NA,"Less Receipt - SECL"
2009-02-19,"WESTERN","GUJARAT","RAIL","WANAKBORI TPS","GUJARAT STATE ELECTRICITY CORPORATION LIMITED","STATE",1470,30,25.7,0,72.28,72.28,3,"Critical","Super Critical","Inadequate linkage"
2009-02-19,"WESTERN","GUJARAT","RAIL","SABARMATI (C STATION)","TORRENT POWER LTD","PRIVATE",400,30,4.6,0,14.26,14.26,3,"Critical","Super Critical","Inadequate linkage"
2009-02-19,"WESTERN","MADHYA PRADESH","PITHEAD","AMAR KANTAK","M. P. POWER GENERATING CORPORATION LIMITED","STATE",490,15,6.3,0,92.58,92.58,15,NA,NA,NA
2009-02-19,"WESTERN","MADHYA PRADESH","RAIL","SANJAY GANDHI TPS","M. P. POWER GENERATING CORPORATION LIMITED","STATE",1340,20,19.6,0,92.55,92.55,5,"Critical",NA,"Inadequate linkage"
2009-02-19,"WESTERN","MADHYA PRADESH","RAIL","SATPURA TPS","M. P. POWER GENERATING CORPORATION LIMITED","STATE",1330,20,22.5,0,33.61,33.61,1,"Critical","Super Critical","Less Receipt - WCL"
2009-02-19,"WESTERN","MADHYA PRADESH","PITHEAD","VINDHYACHAL STPS","NTPC LIMITED.","CENTRAL",4260,15,55.4,0,318.6,318.6,6,"Critical",NA,"Inadequate linkage"
2009-02-19,"WESTERN","MAHARASHTRA","RAIL","BHUSAWAL TPS","MAHARASHTRA STATE POWER GENERATION COMPANY LIMITED","STATE",1420,25,8.4,0,40.72,40.72,5,"Critical",NA,"Inadequate linkage"
2009-02-19,"WESTERN","MAHARASHTRA","RAIL","CHANDRAPUR(MAHARASHTRA) STPS","MAHARASHTRA STATE POWER GENERATION COMPANY LIMITED","STATE",2340,20,38.2,0,55.61,55.61,1,"Critical","Super Critical","Inadequate linkage"
2009-02-19,"WESTERN","MAHARASHTRA","RAIL","KHAPARKHEDA TPS","MAHARASHTRA STATE POWER GENERATION COMPANY LIMITED","STATE",1340,20,15.9,0,75.95,75.95,5,"Critical",NA,"Less Receipt"
2009-02-19,"WESTERN","MAHARASHTRA","RAIL","KORADI TPS","MAHARASHTRA STATE POWER GENERATION COMPANY LIMITED","STATE",1040,25,19.8,0,54.23,54.23,3,"Critical","Super Critical","Less Receipt -SECL"
2009-02-19,"WESTERN","MAHARASHTRA","RAIL","NASIK TPS","MAHARASHTRA STATE POWER GENERATION COMPANY LIMITED","STATE",630,25,15.5,0,25.68,25.68,2,"Critical","Super Critical","Inadequate linkage"
2009-02-19,"WESTERN","MAHARASHTRA","RAIL","PARLI TPS","MAHARASHTRA STATE POWER GENERATION COMPANY LIMITED","STATE",1130,25,16.1,0,132.23,132.23,8,NA,NA,NA
2009-02-19,"WESTERN","MAHARASHTRA","RAIL","PARAS TPS","MAHARASHTRA STATE POWER GENERATION COMPANY LIMITED","STATE",500,20,6.3,0,19.62,19.62,3,"Critical","Super Critical","Less Receipt"
2009-02-19,"WESTERN","MAHARASHTRA","RAIL","DAHANU TPS","RELIANCE INFRASTRUCTURE LTD.","PRIVATE",500,25,10.4,61.18,41.67,102.85,10,NA,NA,NA
2009-02-19,"SOUTHERN","ANDHRA PRADESH","RAIL","Dr. N.TATA RAO TPS","ANDHRA PRADESH POWER GENERATION CORP. LIMITED.","STATE",1760,25,22,0,36.62,36.62,2,"Critical","Super Critical","Inadequate linkage"
2009-02-19,"SOUTHERN","ANDHRA PRADESH","RAIL","KOTHAGUDEM TPS","ANDHRA PRADESH POWER GENERATION CORP. LIMITED.","STATE",1720,20,21.4,0,160.05,160.05,7,NA,NA,NA
2009-02-19,"SOUTHERN","ANDHRA PRADESH","ROAD","RAMAGUNDEM - B TPS","ANDHRA PRADESH POWER GENERATION CORP. LIMITED.","STATE",62.5,20,0.9,0,18.17,18.17,20,NA,NA,NA
2009-02-19,"SOUTHERN","ANDHRA PRADESH","RAIL","RAYALASEEMA TPS","ANDHRA PRADESH POWER GENERATION CORP. LIMITED.","STATE",1050,25,16.9,0,34.76,34.76,2,"Critical","Super Critical","Inadequate linkage"
2009-02-19,"SOUTHERN","ANDHRA PRADESH","PITHEAD","RAMAGUNDEM STPS","NTPC LIMITED.","CENTRAL",2600,15,42,0,538.14,538.14,13,NA,NA,NA
2009-02-19,"SOUTHERN","ANDHRA PRADESH","RAIL","SIMHADRI","NTPC LIMITED.","CENTRAL",2000,25,20.7,0,267.06,267.06,13,NA,NA,NA
2009-02-19,"SOUTHERN","KARNATAKA","RAIL","RAICHUR TPS","KARNATAKA POWER CORPORATION LIMITED","STATE",1720,30,31,0,467.09,467.09,15,NA,NA,NA
2009-02-19,"SOUTHERN","TAMIL NADU","INTER MODAL","ENNORE TPS","TAMIL NADU GENERATION & DISTRIBUTION CORP. LTD.","STATE",450,30,8.2,0,41.89,41.89,5,"Critical",NA,"Less Receipt -MCL"
2009-02-19,"SOUTHERN","TAMIL NADU","INTER MODAL","METTUR TPS","TAMIL NADU GENERATION & DISTRIBUTION CORP. LTD.","STATE",1440,30,15.1,34.1,76.34,110.43,7,NA,NA,NA
2009-02-19,"SOUTHERN","TAMIL NADU","INTER MODAL","NORTH CHENNAI TPS","TAMIL NADU GENERATION & DISTRIBUTION CORP. LTD.","STATE",1830,30,11.2,19.7,43.34,63.05,6,"Critical",NA,"Less Receipt -MCL"
2009-02-19,"SOUTHERN","TAMIL NADU","INTER MODAL","TUTICORIN TPS","TAMIL NADU GENERATION & DISTRIBUTION CORP. LTD.","STATE",1050,30,18.7,47.21,121.73,168.94,9,NA,NA,NA
2009-02-19,"EASTERN","BIHAR","RAIL","BARAUNI TPS","BIHAR STATE ELECTRICITY BOARD","STATE",210,20,0.7,0,17.95,17.95,25,NA,NA,NA
2009-02-19,"EASTERN","BIHAR","RAIL","MUZAFFARPUR TPS","KANTI BIJLEE UTPADAN NIGAM LTD.","CENTRAL",220,20,1.1,0,4.42,4.42,4,"Critical",NA,"Less Receipt"
2009-02-19,"EASTERN","BIHAR","PITHEAD","KAHALGAON TPS","NTPC LIMITED.","CENTRAL",2340,15,38.4,0,40.04,40.04,1,"Critical","Super Critical","Less Receipt - ECL"
2009-02-19,"EASTERN","JHARKHAND","RAIL","PATRATU TPS","JHARKHAND STATE ELECTRICITY BOARD","STATE",770,20,5,0,23.1,23.1,5,"Critical",NA,"Less Receipt"
2009-02-19,"EASTERN","JHARKHAND","ROAD","TENUGHAT TPS","TENUGHAT VIDYUT NIGAM LIMITED","STATE",420,20,6.1,0,0.87,0.87,0,"Critical","Super Critical","Inadequate linkage"
2009-02-19,"EASTERN","JHARKHAND","RAIL","BOKARO `B` TPS","DAMODAR VALLEY CORPORATION","CENTRAL",630,20,9.5,0,135.96,135.96,14,NA,NA,NA
2009-02-19,"EASTERN","JHARKHAND","RAIL","CHANDRAPURA(DVC) TPS","DAMODAR VALLEY CORPORATION","CENTRAL",890,20,6.3,0,112.09,112.09,18,NA,NA,NA
2009-02-19,"EASTERN","ORISSA","PITHEAD","IB VALLEY TPS","ORISSA POWER GENERATION CORPORATION LIMITED","STATE",420,15,9.5,0,196.5,196.5,21,NA,NA,NA
2009-02-19,"EASTERN","ORISSA","PITHEAD","TALCHER (OLD) TPS","NTPC LIMITED.","CENTRAL",470,15,8.9,0,67.13,67.13,8,NA,NA,NA
2009-02-19,"EASTERN","ORISSA","PITHEAD","TALCHER STPS","NTPC LIMITED.","CENTRAL",3000,15,64.3,0,127.59,127.59,2,"Critical","Super Critical","Inadequate linkage"
2009-02-19,"EASTERN","WEST BENGAL","RAIL","DURGAPUR TPS","DAMODAR VALLEY CORPORATION","CENTRAL",340,20,5.7,0,170.91,170.91,30,NA,NA,NA
2009-02-19,"EASTERN","WEST BENGAL","RAIL","MEJIA TPS","DAMODAR VALLEY CORPORATION","CENTRAL",2340,20,24.3,0,0,0,0,"Critical","Super Critical","Unloading Constraint"
2009-02-19,"EASTERN","WEST BENGAL","RAIL","BAKRESWAR TPS","WEST BENGAL POWER DEVELOPMENT CORP. LIMITED","STATE",1050,25,12.5,0,238.34,238.34,19,NA,NA,NA
2009-02-19,"EASTERN","WEST BENGAL","RAIL","BANDEL TPS","WEST BENGAL POWER DEVELOPMENT CORP. LIMITED","STATE",450,20,5.7,0,7.29,7.29,1,"Critical","Super Critical","Inadequate linkage"
2009-02-19,"EASTERN","WEST BENGAL","RAIL","D.P.L. TPS","DURGAPUR PROJECTS LIMITED","STATE",630,20,10.7,0,29.53,29.53,3,"Critical","Super Critical","Less receipt - EMTA"
2009-02-19,"EASTERN","WEST BENGAL","RAIL","KOLAGHAT TPS","WEST BENGAL POWER DEVELOPMENT CORP. LIMITED","STATE",1260,25,21.3,0,233.38,233.38,11,NA,NA,NA
2009-02-19,"EASTERN","WEST BENGAL","RAIL","SAGARDIGHI TPS","WEST BENGAL POWER DEVELOPMENT CORP. LIMITED","STATE",600,20,7.9,0,0,0,0,"Critical","Super Critical","Inadequate linkage"
2009-02-19,"EASTERN","WEST BENGAL","RAIL","SANTALDIH TPS","WEST BENGAL POWER DEVELOPMENT CORP. LIMITED","STATE",980,20,8.2,0,120.77,120.77,15,NA,NA,NA
2009-02-19,"EASTERN","WEST BENGAL","RAIL","BUDGE BUDGE TPS","CALCUTTA ELECTRIC SUPPLY CO. LTD.","PRIVATE",750,20,7.9,0,107.44,107.44,14,NA,NA,NA
2009-02-19,"EASTERN","WEST BENGAL","RAIL","NEW COSSIPORE TPS","CALCUTTA ELECTRIC SUPPLY CO. LTD.","PRIVATE",160,20,1.4,0,25.07,25.07,18,NA,NA,NA
2009-02-19,"EASTERN","WEST BENGAL","RAIL","SOUTHERN REPL. TPS","CALCUTTA ELECTRIC SUPPLY CO. LTD.","PRIVATE",135,25,2.5,0,45.12,45.12,18,NA,NA,NA
2009-02-19,"EASTERN","WEST BENGAL","RAIL","TITAGARH TPS","CALCUTTA ELECTRIC SUPPLY CO. LTD.","PRIVATE",240,20,3.9,0,56.51,56.51,14,NA,NA,NA
2009-02-19,"EASTERN","WEST BENGAL","RAIL","FARAKKA STPS","NTPC LIMITED.","CENTRAL",2100,15,37.5,0,87.51,87.51,2,"Critical","Super Critical","Less Receipt - ECL"
2009-02-20,"SOUTHERN","TAMIL NADU","INTER MODAL","METTUR TPS","TAMIL NADU GENERATION & DISTRIBUTION CORP. LTD.","STATE",1440,30,15.1,31.92,79.74,111.66,7,NA,NA,NA
2009-02-20,"SOUTHERN","TAMIL NADU","INTER MODAL","NORTH CHENNAI TPS","TAMIL NADU GENERATION & DISTRIBUTION CORP. LTD.","STATE",1830,30,11.2,17.89,47.46,65.35,6,"Critical",NA,NA
2009-02-20,"SOUTHERN","TAMIL NADU","INTER MODAL","TUTICORIN TPS","TAMIL NADU GENERATION & DISTRIBUTION CORP. LTD.","STATE",1050,30,18.7,43.05,120.3,163.35,9,NA,NA,NA
2009-02-20,"EASTERN","BIHAR","RAIL","BARAUNI TPS","BIHAR STATE ELECTRICITY BOARD","STATE",210,20,0.7,0,15.21,15.21,21,NA,NA,NA
2009-02-20,"EASTERN","BIHAR","RAIL","MUZAFFARPUR TPS","KANTI BIJLEE UTPADAN NIGAM LTD.","CENTRAL",220,20,1.1,0,2.37,2.37,2,"Critical","Super Critical",NA
2009-02-20,"EASTERN","BIHAR","PITHEAD","KAHALGAON TPS","NTPC LIMITED.","CENTRAL",2340,15,38.4,0,37.86,37.86,1,"Critical","Super Critical",NA
2009-02-20,"EASTERN","JHARKHAND","RAIL","PATRATU TPS","JHARKHAND STATE ELECTRICITY BOARD","STATE",770,20,5,0,27.74,27.74,6,"Critical",NA,NA
2009-02-20,"EASTERN","JHARKHAND","ROAD","TENUGHAT TPS","TENUGHAT VIDYUT NIGAM LIMITED","STATE",420,20,6.1,0,0.87,0.87,0,"Critical","Super Critical",NA
2009-02-20,"EASTERN","JHARKHAND","RAIL","BOKARO `B` TPS","DAMODAR VALLEY CORPORATION","CENTRAL",630,20,9.5,0,135.96,135.96,14,NA,NA,NA
2009-02-20,"EASTERN","JHARKHAND","RAIL","CHANDRAPURA(DVC) TPS","DAMODAR VALLEY CORPORATION","CENTRAL",890,20,6.3,0,112.09,112.09,18,NA,NA,NA
2009-02-20,"EASTERN","ORISSA","PITHEAD","IB VALLEY TPS","ORISSA POWER GENERATION CORPORATION LIMITED","STATE",420,15,9.5,0,195.97,195.97,21,NA,NA,NA
2009-02-20,"EASTERN","ORISSA","PITHEAD","TALCHER (OLD) TPS","NTPC LIMITED.","CENTRAL",470,15,8.9,0,67.47,67.47,8,NA,NA,NA
2009-02-20,"EASTERN","ORISSA","PITHEAD","TALCHER STPS","NTPC LIMITED.","CENTRAL",3000,15,64.3,0,134.88,134.88,2,"Critical","Super Critical",NA
2009-02-20,"EASTERN","WEST BENGAL","RAIL","DURGAPUR TPS","DAMODAR VALLEY CORPORATION","CENTRAL",340,20,5.7,0,170.91,170.91,30,NA,NA,NA
2009-02-20,"EASTERN","WEST BENGAL","RAIL","MEJIA TPS","DAMODAR VALLEY CORPORATION","CENTRAL",2340,20,24.3,0,0,0,0,"Critical","Super Critical",NA
2009-02-20,"EASTERN","WEST BENGAL","RAIL","BAKRESWAR TPS","WEST BENGAL POWER DEVELOPMENT CORP. LIMITED","STATE",1050,25,12.5,0,239.91,239.91,19,NA,NA,NA
2009-02-20,"EASTERN","WEST BENGAL","RAIL","BANDEL TPS","WEST BENGAL POWER DEVELOPMENT CORP. LIMITED","STATE",450,20,5.7,0,5.21,5.21,1,"Critical","Super Critical",NA
2009-02-20,"EASTERN","WEST BENGAL","RAIL","D.P.L. TPS","DURGAPUR PROJECTS LIMITED","STATE",630,20,10.7,0,32.49,32.49,3,"Critical","Super Critical",NA
2009-02-20,"EASTERN","WEST BENGAL","RAIL","KOLAGHAT TPS","WEST BENGAL POWER DEVELOPMENT CORP. LIMITED","STATE",1260,25,21.3,0,236.9,236.9,11,NA,NA,NA
2009-02-20,"EASTERN","WEST BENGAL","RAIL","SAGARDIGHI TPS","WEST BENGAL POWER DEVELOPMENT CORP. LIMITED","STATE",600,20,7.9,0,0,0,0,"Critical","Super Critical",NA
2009-02-20,"EASTERN","WEST BENGAL","RAIL","SANTALDIH TPS","WEST BENGAL POWER DEVELOPMENT CORP. LIMITED","STATE",980,20,8.2,0,119.45,119.45,15,NA,NA,NA
2009-02-20,"EASTERN","WEST BENGAL","RAIL","BUDGE BUDGE TPS","CALCUTTA ELECTRIC SUPPLY CO. LTD.","PRIVATE",750,20,7.9,0,104.88,104.88,13,NA,NA,NA
2009-02-20,"EASTERN","WEST BENGAL","RAIL","NEW COSSIPORE TPS","CALCUTTA ELECTRIC SUPPLY CO. LTD.","PRIVATE",160,20,1.4,0,23.83,23.83,17,NA,NA,NA
2009-02-20,"EASTERN","WEST BENGAL","RAIL","SOUTHERN REPL. TPS","CALCUTTA ELECTRIC SUPPLY CO. LTD.","PRIVATE",135,25,2.5,0,43.12,43.12,17,NA,NA,NA
2009-02-20,"EASTERN","WEST BENGAL","RAIL","TITAGARH TPS","CALCUTTA ELECTRIC SUPPLY CO. LTD.","PRIVATE",240,20,3.9,0,53.15,53.15,14,NA,NA,NA
2009-02-20,"EASTERN","WEST BENGAL","RAIL","FARAKKA STPS","NTPC LIMITED.","CENTRAL",2100,15,37.5,0,80.73,80.73,2,"Critical","Super Critical",NA
2009-02-20,"NORTHERN","DELHI","RAIL","I.P.  T.P.S.","INDRAPRASTHA  POWER GENERATION COMPANY LIMITED","STATE",247.5,25,3.4,0,34.78,34.78,10,NA,NA,NA
2009-02-20,"NORTHERN","DELHI","RAIL","RAJGHAT TPS","INDRAPRASTHA  POWER GENERATION COMPANY LIMITED","STATE",135,25,2.3,0,87.48,87.48,38,NA,NA,NA
2009-02-20,"NORTHERN","DELHI","RAIL","BADARPUR TPS","NTPC LIMITED.","CENTRAL",705,30,14.8,0,63.59,63.59,4,"Critical",NA,NA
2009-02-20,"NORTHERN","HARYANA","RAIL","FARIDABAD TPS.","HARYANA POWER  GENERATION CORPORATION LIMITED","STATE",55,25,2.1,0,28.88,28.88,13,NA,NA,NA
2009-02-20,"NORTHERN","HARYANA","RAIL","PANIPAT TPS","HARYANA POWER  GENERATION CORPORATION LIMITED","STATE",1360,25,26.8,0,41.14,41.14,2,"Critical","Super Critical",NA
2009-02-20,"NORTHERN","HARYANA","RAIL","YAMUNA NAGAR TPS","HARYANA POWER  GENERATION CORPORATION LIMITED","STATE",600,25,10.7,0,32.7,32.7,3,"Critical","Super Critical",NA
2009-02-20,"NORTHERN","PUNJAB","RAIL","GH TPS (LEH.MOH.)","PUNJAB STATE POWER CORP. LTD.","STATE",920,30,15.5,0,45.25,45.25,3,"Critical","Super Critical",NA
2009-02-20,"NORTHERN","PUNJAB","RAIL","GND TPS(BHATINDA)","PUNJAB STATE POWER CORP. LTD.","STATE",440,30,7,0,61.07,61.07,9,NA,NA,NA
2009-02-20,"NORTHERN","PUNJAB","RAIL","ROPAR TPS","PUNJAB STATE POWER CORP. LTD.","STATE",1260,30,22.1,0,84.06,84.06,4,"Critical",NA,NA
2009-02-20,"NORTHERN","RAJASTHAN","RAIL","KOTA TPS","RAJASTHAN RAJYA VIDYUT UTPADAN NIGAM LIMITED","STATE",1240,30,21.6,21.19,196.64,217.83,10,NA,NA,NA
2009-02-20,"NORTHERN","RAJASTHAN","RAIL","SURATGARH TPS","RAJASTHAN RAJYA VIDYUT UTPADAN NIGAM LIMITED","STATE",1500,30,27,0,123.26,123.26,5,"Critical",NA,NA
2009-02-20,"NORTHERN","UTTAR PRADESH","PITHEAD","ANPARA TPS","UTTAR PRADESH RAJYA VIDYUT UTPADAN NIGAM LIMITED","STATE",1630,15,28.6,0,191.75,191.75,7,NA,NA,NA
2009-02-20,"NORTHERN","UTTAR PRADESH","RAIL","HARDUAGANJ TPS","UTTAR PRADESH RAJYA VIDYUT UTPADAN NIGAM LIMITED","STATE",665,25,3.2,0,19.09,19.09,6,"Critical",NA,NA
2009-02-20,"NORTHERN","UTTAR PRADESH","RAIL","OBRA TPS","UTTAR PRADESH RAJYA VIDYUT UTPADAN NIGAM LIMITED","STATE",1278,20,16.1,0,180.9,180.9,11,NA,NA,NA
2009-02-20,"NORTHERN","UTTAR PRADESH","RAIL","PANKI TPS","UTTAR PRADESH RAJYA VIDYUT UTPADAN NIGAM LIMITED","STATE",210,30,4.3,0,15.11,15.11,4,"Critical",NA,NA
2009-02-20,"NORTHERN","UTTAR PRADESH","RAIL","PARICHHA TPS","UTTAR PRADESH RAJYA VIDYUT UTPADAN NIGAM LIMITED","STATE",1140,30,12.5,0,22.16,22.16,2,"Critical","Super Critical",NA
2009-02-20,"NORTHERN","UTTAR PRADESH","RAIL","DADRI (NCTPP)","NTPC LIMITED.","CENTRAL",1820,30,16.1,0,178.03,178.03,11,NA,NA,NA
2009-02-20,"NORTHERN","UTTAR PRADESH","PITHEAD","RIHAND STPS","NTPC LIMITED.","CENTRAL",3000,15,38.2,0,479.96,479.96,13,NA,NA,NA
2009-02-20,"NORTHERN","UTTAR PRADESH","PITHEAD","SINGRAULI STPS","NTPC LIMITED.","CENTRAL",2000,15,34.3,0,351.75,351.75,10,NA,NA,NA
2009-02-20,"NORTHERN","UTTAR PRADESH","RAIL","TANDA TPS","NTPC LIMITED.","CENTRAL",440,25,8.9,0,127.1,127.1,14,NA,NA,NA
2009-02-20,"NORTHERN","UTTAR PRADESH","RAIL","UNCHAHAR TPS","NTPC LIMITED.","CENTRAL",1050,25,21.4,0,127.19,127.19,6,"Critical",NA,NA
2009-02-20,"WESTERN","CHHATTISGARH","RAIL","DSPM TPS","CHHATTISGARH STATE POWER GENERATION CO. LTD.","STATE",500,15,9.6,0,100.01,100.01,10,NA,NA,NA
2009-02-20,"WESTERN","CHHATTISGARH","PITHEAD","KORBA-II","CHHATTISGARH STATE POWER GENERATION CO. LTD.","STATE",440,15,8.6,0,80.46,80.46,9,NA,NA,NA
2009-02-20,"WESTERN","CHHATTISGARH","PITHEAD","KORBA-WEST TPS","CHHATTISGARH STATE POWER GENERATION CO. LTD.","STATE",1340,15,13.2,0,269.73,269.73,20,NA,NA,NA
2009-02-20,"WESTERN","CHHATTISGARH","PITHEAD","KORBA STPS","NTPC LIMITED.","CENTRAL",2600,15,34.3,0,466.84,466.84,14,NA,NA,NA
2009-02-20,"WESTERN","CHHATTISGARH","RAIL","SIPAT STPS","NTPC LIMITED.","CENTRAL",2980,20,16.8,0,18.06,18.06,1,"Critical","Super Critical",NA
2009-02-20,"WESTERN","GUJARAT","RAIL","GANDHI NAGAR TPS","GUJARAT STATE ELECTRICITY CORPORATION LIMITED","STATE",870,30,13.6,0,27.5,27.5,2,"Critical","Super Critical",NA
2009-02-20,"WESTERN","GUJARAT","RAIL","SIKKA REP. TPS","GUJARAT STATE ELECTRICITY CORPORATION LIMITED","STATE",240,30,4.6,19.23,22.98,42.21,9,NA,NA,NA
2009-02-20,"WESTERN","GUJARAT","RAIL","UKAI TPS","GUJARAT STATE ELECTRICITY CORPORATION LIMITED","STATE",1350,30,13.9,0,86.38,86.38,6,"Critical",NA,NA
2009-02-20,"WESTERN","GUJARAT","RAIL","WANAKBORI TPS","GUJARAT STATE ELECTRICITY CORPORATION LIMITED","STATE",1470,30,25.7,0,72.28,72.28,3,"Critical","Super Critical",NA
2009-02-20,"WESTERN","GUJARAT","RAIL","SABARMATI (C STATION)","TORRENT POWER LTD","PRIVATE",400,30,4.6,0,10.23,10.23,2,"Critical","Super Critical",NA
2009-02-20,"WESTERN","MADHYA PRADESH","PITHEAD","AMAR KANTAK","M. P. POWER GENERATING CORPORATION LIMITED","STATE",490,15,6.3,0,92.31,92.31,15,NA,NA,NA
2009-02-20,"WESTERN","MADHYA PRADESH","RAIL","SANJAY GANDHI TPS","M. P. POWER GENERATING CORPORATION LIMITED","STATE",1340,20,19.6,0,92.34,92.34,5,"Critical",NA,NA
2009-02-20,"WESTERN","MADHYA PRADESH","RAIL","SATPURA TPS","M. P. POWER GENERATING CORPORATION LIMITED","STATE",1330,20,22.5,0,32.35,32.35,1,"Critical","Super Critical",NA
2009-02-20,"WESTERN","MADHYA PRADESH","PITHEAD","VINDHYACHAL STPS","NTPC LIMITED.","CENTRAL",4260,15,55.4,0,326.56,326.56,6,"Critical",NA,NA
2009-02-20,"WESTERN","MAHARASHTRA","RAIL","BHUSAWAL TPS","MAHARASHTRA STATE POWER GENERATION COMPANY LIMITED","STATE",1420,25,8.4,0,41.42,41.42,5,"Critical",NA,NA
2009-02-20,"WESTERN","MAHARASHTRA","RAIL","CHANDRAPUR(MAHARASHTRA) STPS","MAHARASHTRA STATE POWER GENERATION COMPANY LIMITED","STATE",2340,20,38.2,0,57.42,57.42,2,"Critical","Super Critical",NA
2009-02-20,"WESTERN","MAHARASHTRA","RAIL","KHAPARKHEDA TPS","MAHARASHTRA STATE POWER GENERATION COMPANY LIMITED","STATE",1340,20,15.9,0,73.33,73.33,5,"Critical",NA,NA
2009-02-20,"WESTERN","MAHARASHTRA","RAIL","KORADI TPS","MAHARASHTRA STATE POWER GENERATION COMPANY LIMITED","STATE",1040,25,19.8,0,54.97,54.97,3,"Critical","Super Critical",NA
2009-02-20,"WESTERN","MAHARASHTRA","RAIL","NASIK TPS","MAHARASHTRA STATE POWER GENERATION COMPANY LIMITED","STATE",630,25,15.5,0,20.26,20.26,1,"Critical","Super Critical",NA
2009-02-20,"WESTERN","MAHARASHTRA","RAIL","PARLI TPS","MAHARASHTRA STATE POWER GENERATION COMPANY LIMITED","STATE",1130,25,16.1,0,130.67,130.67,8,NA,NA,NA
2009-02-20,"WESTERN","MAHARASHTRA","RAIL","PARAS TPS","MAHARASHTRA STATE POWER GENERATION COMPANY LIMITED","STATE",500,20,6.3,0,14.75,14.75,2,"Critical","Super Critical",NA
2009-02-20,"WESTERN","MAHARASHTRA","RAIL","DAHANU TPS","RELIANCE INFRASTRUCTURE LTD.","PRIVATE",500,25,10.4,61.18,41.67,102.85,10,NA,NA,NA
2009-02-20,"SOUTHERN","ANDHRA PRADESH","RAIL","Dr. N.TATA RAO TPS","ANDHRA PRADESH POWER GENERATION CORP. LIMITED.","STATE",1760,25,22,0,35.44,35.44,2,"Critical","Super Critical",NA
2009-02-20,"SOUTHERN","ANDHRA PRADESH","RAIL","KOTHAGUDEM TPS","ANDHRA PRADESH POWER GENERATION CORP. LIMITED.","STATE",1720,20,21.4,0,162.38,162.38,8,NA,NA,NA
2009-02-20,"SOUTHERN","ANDHRA PRADESH","ROAD","RAMAGUNDEM - B TPS","ANDHRA PRADESH POWER GENERATION CORP. LIMITED.","STATE",62.5,20,0.9,0,18.22,18.22,20,NA,NA,NA
2009-02-20,"SOUTHERN","ANDHRA PRADESH","RAIL","RAYALASEEMA TPS","ANDHRA PRADESH POWER GENERATION CORP. LIMITED.","STATE",1050,25,16.9,0,29.84,29.84,2,"Critical","Super Critical",NA
2009-02-20,"SOUTHERN","ANDHRA PRADESH","PITHEAD","RAMAGUNDEM STPS","NTPC LIMITED.","CENTRAL",2600,15,42,0,543.98,543.98,13,NA,NA,NA
2009-02-20,"SOUTHERN","ANDHRA PRADESH","RAIL","SIMHADRI","NTPC LIMITED.","CENTRAL",2000,25,20.7,0,268.13,268.13,13,NA,NA,NA
2009-02-20,"SOUTHERN","KARNATAKA","RAIL","RAICHUR TPS","KARNATAKA POWER CORPORATION LIMITED","STATE",1720,30,31,0,464.46,464.46,15,NA,NA,NA
2009-02-20,"SOUTHERN","TAMIL NADU","INTER MODAL","ENNORE TPS","TAMIL NADU GENERATION & DISTRIBUTION CORP. LTD.","STATE",450,30,8.2,0,41.29,41.29,5,"Critical",NA,NA
2009-02-21,"NORTHERN","DELHI","RAIL","I.P.  T.P.S.","INDRAPRASTHA  POWER GENERATION COMPANY LIMITED","STATE",247.5,25,3.4,0,35.24,35.24,10,NA,NA,NA
2009-02-21,"NORTHERN","DELHI","RAIL","RAJGHAT TPS","INDRAPRASTHA  POWER GENERATION COMPANY LIMITED","STATE",135,25,2.3,0,88.13,88.13,38,NA,NA,NA
2009-02-21,"NORTHERN","DELHI","RAIL","BADARPUR TPS","NTPC LIMITED.","CENTRAL",705,30,14.8,0,67.56,67.56,5,"Critical",NA,NA
2009-02-21,"NORTHERN","HARYANA","RAIL","FARIDABAD TPS.","HARYANA POWER  GENERATION CORPORATION LIMITED","STATE",55,25,2.1,0,25.19,25.19,12,NA,NA,NA
2009-02-21,"NORTHERN","HARYANA","RAIL","PANIPAT TPS","HARYANA POWER  GENERATION CORPORATION LIMITED","STATE",1360,25,26.8,0,41.14,41.14,2,"Critical","Super Critical",NA
2009-02-21,"NORTHERN","HARYANA","RAIL","YAMUNA NAGAR TPS","HARYANA POWER  GENERATION CORPORATION LIMITED","STATE",600,25,10.7,0,30.74,30.74,3,"Critical","Super Critical",NA
2009-02-21,"NORTHERN","PUNJAB","RAIL","GH TPS (LEH.MOH.)","PUNJAB STATE POWER CORP. LTD.","STATE",920,30,15.5,0,44.02,44.02,3,"Critical","Super Critical",NA
2009-02-21,"NORTHERN","PUNJAB","RAIL","GND TPS(BHATINDA)","PUNJAB STATE POWER CORP. LTD.","STATE",440,30,7,0,66.87,66.87,10,NA,NA,NA
2009-02-21,"NORTHERN","PUNJAB","RAIL","ROPAR TPS","PUNJAB STATE POWER CORP. LTD.","STATE",1260,30,22.1,0,77.49,77.49,3,"Critical","Super Critical",NA
2009-02-21,"NORTHERN","RAJASTHAN","RAIL","KOTA TPS","RAJASTHAN RAJYA VIDYUT UTPADAN NIGAM LIMITED","STATE",1240,30,21.6,21.19,196.64,217.83,10,NA,NA,NA
2009-02-21,"NORTHERN","RAJASTHAN","RAIL","SURATGARH TPS","RAJASTHAN RAJYA VIDYUT UTPADAN NIGAM LIMITED","STATE",1500,30,27,0,129.05,129.05,5,"Critical",NA,NA
2009-02-21,"NORTHERN","UTTAR PRADESH","PITHEAD","ANPARA TPS","UTTAR PRADESH RAJYA VIDYUT UTPADAN NIGAM LIMITED","STATE",1630,15,28.6,0,191.75,191.75,7,NA,NA,NA
2009-02-21,"NORTHERN","UTTAR PRADESH","RAIL","HARDUAGANJ TPS","UTTAR PRADESH RAJYA VIDYUT UTPADAN NIGAM LIMITED","STATE",665,25,3.2,0,19.09,19.09,6,"Critical",NA,NA
2009-02-21,"NORTHERN","UTTAR PRADESH","RAIL","OBRA TPS","UTTAR PRADESH RAJYA VIDYUT UTPADAN NIGAM LIMITED","STATE",1278,20,16.1,0,180.9,180.9,11,NA,NA,NA
2009-02-21,"NORTHERN","UTTAR PRADESH","RAIL","PANKI TPS","UTTAR PRADESH RAJYA VIDYUT UTPADAN NIGAM LIMITED","STATE",210,30,4.3,0,15.11,15.11,4,"Critical",NA,NA
2009-02-21,"NORTHERN","UTTAR PRADESH","RAIL","PARICHHA TPS","UTTAR PRADESH RAJYA VIDYUT UTPADAN NIGAM LIMITED","STATE",1140,30,12.5,0,22.16,22.16,2,"Critical","Super Critical",NA
2009-02-21,"NORTHERN","UTTAR PRADESH","RAIL","DADRI (NCTPP)","NTPC LIMITED.","CENTRAL",1820,30,16.1,0,188.37,188.37,12,NA,NA,NA
2009-02-21,"NORTHERN","UTTAR PRADESH","PITHEAD","RIHAND STPS","NTPC LIMITED.","CENTRAL",3000,15,38.2,0,494.01,494.01,13,NA,NA,NA
2009-02-21,"NORTHERN","UTTAR PRADESH","PITHEAD","SINGRAULI STPS","NTPC LIMITED.","CENTRAL",2000,15,34.3,0,359.98,359.98,10,NA,NA,NA
2009-02-21,"NORTHERN","UTTAR PRADESH","RAIL","TANDA TPS","NTPC LIMITED.","CENTRAL",440,25,8.9,0,137.75,137.75,15,NA,NA,NA
2009-02-21,"NORTHERN","UTTAR PRADESH","RAIL","UNCHAHAR TPS","NTPC LIMITED.","CENTRAL",1050,25,21.4,0,133.37,133.37,6,"Critical",NA,NA
2009-02-21,"WESTERN","CHHATTISGARH","RAIL","DSPM TPS","CHHATTISGARH STATE POWER GENERATION CO. LTD.","STATE",500,15,9.6,0,99.4,99.4,10,NA,NA,NA
2009-02-21,"WESTERN","CHHATTISGARH","PITHEAD","KORBA-II","CHHATTISGARH STATE POWER GENERATION CO. LTD.","STATE",440,15,8.6,0,78.08,78.08,9,NA,NA,NA
2009-02-21,"WESTERN","CHHATTISGARH","PITHEAD","KORBA-WEST TPS","CHHATTISGARH STATE POWER GENERATION CO. LTD.","STATE",1340,15,13.2,0,269.58,269.58,20,NA,NA,NA
2009-02-21,"WESTERN","CHHATTISGARH","PITHEAD","KORBA STPS","NTPC LIMITED.","CENTRAL",2600,15,34.3,0,463.69,463.69,14,NA,NA,NA
2009-02-21,"WESTERN","CHHATTISGARH","RAIL","SIPAT STPS","NTPC LIMITED.","CENTRAL",2980,20,16.8,0,17.02,17.02,1,"Critical","Super Critical",NA
2009-02-21,"WESTERN","GUJARAT","RAIL","GANDHI NAGAR TPS","GUJARAT STATE ELECTRICITY CORPORATION LIMITED","STATE",870,30,13.6,0.1,17.14,17.24,1,"Critical","Super Critical",NA
2009-02-21,"WESTERN","GUJARAT","RAIL","SIKKA REP. TPS","GUJARAT STATE ELECTRICITY CORPORATION LIMITED","STATE",240,30,4.6,16.7,17.27,33.97,7,NA,NA,NA
2009-02-21,"WESTERN","GUJARAT","RAIL","UKAI TPS","GUJARAT STATE ELECTRICITY CORPORATION LIMITED","STATE",1350,30,13.9,0,94.84,94.84,7,NA,NA,NA
2009-02-21,"WESTERN","GUJARAT","RAIL","WANAKBORI TPS","GUJARAT STATE ELECTRICITY CORPORATION LIMITED","STATE",1470,30,25.7,0,64.19,64.19,2,"Critical","Super Critical",NA
2009-02-21,"WESTERN","GUJARAT","RAIL","SABARMATI (C STATION)","TORRENT POWER LTD","PRIVATE",400,30,4.6,0,9.53,9.53,2,"Critical","Super Critical",NA
2009-02-21,"WESTERN","MADHYA PRADESH","PITHEAD","AMAR KANTAK","M. P. POWER GENERATING CORPORATION LIMITED","STATE",490,15,6.3,0,92.79,92.79,15,NA,NA,NA
2009-02-21,"WESTERN","MADHYA PRADESH","RAIL","SANJAY GANDHI TPS","M. P. POWER GENERATING CORPORATION LIMITED","STATE",1340,20,19.6,0,91.74,91.74,5,"Critical",NA,NA
2009-02-21,"WESTERN","MADHYA PRADESH","RAIL","SATPURA TPS","M. P. POWER GENERATING CORPORATION LIMITED","STATE",1330,20,22.5,0,37.05,37.05,2,"Critical","Super Critical",NA
2009-02-21,"WESTERN","MADHYA PRADESH","PITHEAD","VINDHYACHAL STPS","NTPC LIMITED.","CENTRAL",4260,15,55.4,0,333.91,333.91,6,"Critical",NA,NA
2009-02-21,"WESTERN","MAHARASHTRA","RAIL","BHUSAWAL TPS","MAHARASHTRA STATE POWER GENERATION COMPANY LIMITED","STATE",1420,25,8.4,0,42.53,42.53,5,"Critical",NA,NA
2009-02-21,"WESTERN","MAHARASHTRA","RAIL","CHANDRAPUR(MAHARASHTRA) STPS","MAHARASHTRA STATE POWER GENERATION COMPANY LIMITED","STATE",2340,20,38.2,0,58.33,58.33,2,"Critical","Super Critical",NA
2009-02-21,"WESTERN","MAHARASHTRA","RAIL","KHAPARKHEDA TPS","MAHARASHTRA STATE POWER GENERATION COMPANY LIMITED","STATE",1340,20,15.9,0,70.3,70.3,4,"Critical",NA,NA
2009-02-21,"WESTERN","MAHARASHTRA","RAIL","KORADI TPS","MAHARASHTRA STATE POWER GENERATION COMPANY LIMITED","STATE",1040,25,19.8,0,55.63,55.63,3,"Critical","Super Critical",NA
2009-02-21,"WESTERN","MAHARASHTRA","RAIL","NASIK TPS","MAHARASHTRA STATE POWER GENERATION COMPANY LIMITED","STATE",630,25,15.5,0,19.67,19.67,1,"Critical","Super Critical",NA
2009-02-21,"WESTERN","MAHARASHTRA","RAIL","PARLI TPS","MAHARASHTRA STATE POWER GENERATION COMPANY LIMITED","STATE",1130,25,16.1,0,123.22,123.22,8,NA,NA,NA
2009-02-21,"WESTERN","MAHARASHTRA","RAIL","PARAS TPS","MAHARASHTRA STATE POWER GENERATION COMPANY LIMITED","STATE",500,20,6.3,0,16.88,16.88,3,"Critical","Super Critical",NA
2009-02-21,"WESTERN","MAHARASHTRA","RAIL","DAHANU TPS","RELIANCE INFRASTRUCTURE LTD.","PRIVATE",500,25,10.4,56,43.45,99.44,10,NA,NA,NA
2009-02-21,"SOUTHERN","ANDHRA PRADESH","RAIL","Dr. N.TATA RAO TPS","ANDHRA PRADESH POWER GENERATION CORP. LIMITED.","STATE",1760,25,22,0,30.27,30.27,1,"Critical","Super Critical",NA
2009-02-21,"SOUTHERN","ANDHRA PRADESH","RAIL","KOTHAGUDEM TPS","ANDHRA PRADESH POWER GENERATION CORP. LIMITED.","STATE",1720,20,21.4,0,158.56,158.56,7,NA,NA,NA
2009-02-21,"SOUTHERN","ANDHRA PRADESH","ROAD","RAMAGUNDEM - B TPS","ANDHRA PRADESH POWER GENERATION CORP. LIMITED.","STATE",62.5,20,0.9,0,17.87,17.87,20,NA,NA,NA
2009-02-21,"SOUTHERN","ANDHRA PRADESH","RAIL","RAYALASEEMA TPS","ANDHRA PRADESH POWER GENERATION CORP. LIMITED.","STATE",1050,25,16.9,0,23.67,23.67,1,"Critical","Super Critical",NA
2009-02-21,"SOUTHERN","ANDHRA PRADESH","PITHEAD","RAMAGUNDEM STPS","NTPC LIMITED.","CENTRAL",2600,15,42,0,537.15,537.15,13,NA,NA,NA
2009-02-21,"SOUTHERN","ANDHRA PRADESH","RAIL","SIMHADRI","NTPC LIMITED.","CENTRAL",2000,25,20.7,0,272.97,272.97,13,NA,NA,NA
2009-02-21,"SOUTHERN","KARNATAKA","RAIL","RAICHUR TPS","KARNATAKA POWER CORPORATION LIMITED","STATE",1720,30,31,0,467.09,467.09,15,NA,NA,NA
2009-02-21,"SOUTHERN","TAMIL NADU","INTER MODAL","ENNORE TPS","TAMIL NADU GENERATION & DISTRIBUTION CORP. LTD.","STATE",450,30,8.2,0,44.1,44.1,5,"Critical",NA,NA
2009-02-21,"SOUTHERN","TAMIL NADU","INTER MODAL","METTUR TPS","TAMIL NADU GENERATION & DISTRIBUTION CORP. LTD.","STATE",1440,30,15.1,29.49,83.28,112.77,7,NA,NA,NA
2009-02-21,"SOUTHERN","TAMIL NADU","INTER MODAL","NORTH CHENNAI TPS","TAMIL NADU GENERATION & DISTRIBUTION CORP. LTD.","STATE",1830,30,11.2,15.97,49.81,65.78,6,"Critical",NA,NA
2009-02-21,"SOUTHERN","TAMIL NADU","INTER MODAL","TUTICORIN TPS","TAMIL NADU GENERATION & DISTRIBUTION CORP. LTD.","STATE",1050,30,18.7,40.08,117.05,157.12,8,NA,NA,NA
2009-02-21,"EASTERN","BIHAR","RAIL","BARAUNI TPS","BIHAR STATE ELECTRICITY BOARD","STATE",210,20,0.7,0,13.82,13.82,19,NA,NA,NA
2009-02-21,"EASTERN","BIHAR","RAIL","MUZAFFARPUR TPS","KANTI BIJLEE UTPADAN NIGAM LTD.","CENTRAL",220,20,1.1,0,0.3,0.3,0,"Critical","Super Critical",NA
2009-02-21,"EASTERN","BIHAR","PITHEAD","KAHALGAON TPS","NTPC LIMITED.","CENTRAL",2340,15,38.4,0,41,41,1,"Critical","Super Critical",NA
2009-02-21,"EASTERN","JHARKHAND","RAIL","PATRATU TPS","JHARKHAND STATE ELECTRICITY BOARD","STATE",770,20,5,0,26.05,26.05,5,"Critical",NA,NA
2009-02-21,"EASTERN","JHARKHAND","ROAD","TENUGHAT TPS","TENUGHAT VIDYUT NIGAM LIMITED","STATE",420,20,6.1,0,0.87,0.87,0,"Critical","Super Critical",NA
2009-02-21,"EASTERN","JHARKHAND","RAIL","BOKARO `B` TPS","DAMODAR VALLEY CORPORATION","CENTRAL",630,20,9.5,0,135.96,135.96,14,NA,NA,NA
2009-02-21,"EASTERN","JHARKHAND","RAIL","CHANDRAPURA(DVC) TPS","DAMODAR VALLEY CORPORATION","CENTRAL",890,20,6.3,0,112.09,112.09,18,NA,NA,NA
2009-02-21,"EASTERN","ORISSA","PITHEAD","IB VALLEY TPS","ORISSA POWER GENERATION CORPORATION LIMITED","STATE",420,15,9.5,0,195.31,195.31,21,NA,NA,NA
2009-02-21,"EASTERN","ORISSA","PITHEAD","TALCHER (OLD) TPS","NTPC LIMITED.","CENTRAL",470,15,8.9,0,72.62,72.62,8,NA,NA,NA
2009-02-21,"EASTERN","ORISSA","PITHEAD","TALCHER STPS","NTPC LIMITED.","CENTRAL",3000,15,64.3,0,132.65,132.65,2,"Critical","Super Critical",NA
2009-02-21,"EASTERN","WEST BENGAL","RAIL","DURGAPUR TPS","DAMODAR VALLEY CORPORATION","CENTRAL",340,20,5.7,0,170.91,170.91,30,NA,NA,NA
2009-02-21,"EASTERN","WEST BENGAL","RAIL","MEJIA TPS","DAMODAR VALLEY CORPORATION","CENTRAL",2340,20,24.3,0,0,0,0,"Critical","Super Critical",NA
2009-02-21,"EASTERN","WEST BENGAL","RAIL","BAKRESWAR TPS","WEST BENGAL POWER DEVELOPMENT CORP. LIMITED","STATE",1050,25,12.5,0,242.06,242.06,19,NA,NA,NA
2009-02-21,"EASTERN","WEST BENGAL","RAIL","BANDEL TPS","WEST BENGAL POWER DEVELOPMENT CORP. LIMITED","STATE",450,20,5.7,0,0.06,0.06,0,"Critical","Super Critical",NA
2009-02-21,"EASTERN","WEST BENGAL","RAIL","D.P.L. TPS","DURGAPUR PROJECTS LIMITED","STATE",630,20,10.7,0,32.49,32.49,3,"Critical","Super Critical",NA
2009-02-21,"EASTERN","WEST BENGAL","RAIL","KOLAGHAT TPS","WEST BENGAL POWER DEVELOPMENT CORP. LIMITED","STATE",1260,25,21.3,0,244.13,244.13,11,NA,NA,NA
2009-02-21,"EASTERN","WEST BENGAL","RAIL","SAGARDIGHI TPS","WEST BENGAL POWER DEVELOPMENT CORP. LIMITED","STATE",600,20,7.9,0,1.03,1.03,0,"Critical","Super Critical",NA
2009-02-21,"EASTERN","WEST BENGAL","RAIL","SANTALDIH TPS","WEST BENGAL POWER DEVELOPMENT CORP. LIMITED","STATE",980,20,8.2,0,118.14,118.14,14,NA,NA,NA
2009-02-21,"EASTERN","WEST BENGAL","RAIL","BUDGE BUDGE TPS","CALCUTTA ELECTRIC SUPPLY CO. LTD.","PRIVATE",750,20,7.9,0,105.94,105.94,13,NA,NA,NA
2009-02-21,"EASTERN","WEST BENGAL","RAIL","NEW COSSIPORE TPS","CALCUTTA ELECTRIC SUPPLY CO. LTD.","PRIVATE",160,20,1.4,0,22.62,22.62,16,NA,NA,NA
2009-02-21,"EASTERN","WEST BENGAL","RAIL","SOUTHERN REPL. TPS","CALCUTTA ELECTRIC SUPPLY CO. LTD.","PRIVATE",135,25,2.5,0,44.72,44.72,18,NA,NA,NA
2009-02-21,"EASTERN","WEST BENGAL","RAIL","TITAGARH TPS","CALCUTTA ELECTRIC SUPPLY CO. LTD.","PRIVATE",240,20,3.9,0,56.84,56.84,14,NA,NA,NA
2009-02-21,"EASTERN","WEST BENGAL","RAIL","FARAKKA STPS","NTPC LIMITED.","CENTRAL",2100,15,37.5,0,87.59,87.59,2,"Critical","Super Critical",NA
2009-02-22,"NORTHERN","DELHI","RAIL","I.P.  T.P.S.","INDRAPRASTHA  POWER GENERATION COMPANY LIMITED","STATE",247.5,25,3.4,0,37.64,37.64,11,NA,NA,NA
2009-02-22,"NORTHERN","DELHI","RAIL","RAJGHAT TPS","INDRAPRASTHA  POWER GENERATION COMPANY LIMITED","STATE",135,25,2.3,0,90.73,90.73,39,NA,NA,NA
2009-02-22,"NORTHERN","DELHI","RAIL","BADARPUR TPS","NTPC LIMITED.","CENTRAL",705,30,14.8,0,58.94,58.94,4,"Critical",NA,"Less Receipt - CCL"
2009-02-22,"NORTHERN","HARYANA","RAIL","FARIDABAD TPS.","HARYANA POWER  GENERATION CORPORATION LIMITED","STATE",55,25,2.1,0,23.35,23.35,11,NA,NA,NA
2009-02-22,"NORTHERN","HARYANA","RAIL","PANIPAT TPS","HARYANA POWER  GENERATION CORPORATION LIMITED","STATE",1360,25,26.8,0,41.14,41.14,2,"Critical","Super Critical","Less Receipt - CCL"
2009-02-22,"NORTHERN","HARYANA","RAIL","YAMUNA NAGAR TPS","HARYANA POWER  GENERATION CORPORATION LIMITED","STATE",600,25,10.7,0,37.29,37.29,3,"Critical","Super Critical","Inadequate linkage"
2009-02-22,"NORTHERN","PUNJAB","RAIL","GH TPS (LEH.MOH.)","PUNJAB STATE POWER CORP. LTD.","STATE",920,30,15.5,0,45.16,45.16,3,"Critical","Super Critical","Inadequate linkage"
2009-02-22,"NORTHERN","PUNJAB","RAIL","GND TPS(BHATINDA)","PUNJAB STATE POWER CORP. LTD.","STATE",440,30,7,0,61.61,61.61,9,NA,NA,NA
2009-02-22,"NORTHERN","PUNJAB","RAIL","ROPAR TPS","PUNJAB STATE POWER CORP. LTD.","STATE",1260,30,22.1,0,87.86,87.86,4,"Critical",NA,"Inadequate linkage"
2009-02-22,"NORTHERN","RAJASTHAN","RAIL","KOTA TPS","RAJASTHAN RAJYA VIDYUT UTPADAN NIGAM LIMITED","STATE",1240,30,21.6,21.19,196.64,217.83,10,NA,NA,NA
2009-02-22,"NORTHERN","RAJASTHAN","RAIL","SURATGARH TPS","RAJASTHAN RAJYA VIDYUT UTPADAN NIGAM LIMITED","STATE",1500,30,27,0,134.54,134.54,5,"Critical",NA,"Inadequate linkage"
2009-02-22,"NORTHERN","UTTAR PRADESH","PITHEAD","ANPARA TPS","UTTAR PRADESH RAJYA VIDYUT UTPADAN NIGAM LIMITED","STATE",1630,15,28.6,0,191.75,191.75,7,NA,NA,NA
2009-02-22,"NORTHERN","UTTAR PRADESH","RAIL","HARDUAGANJ TPS","UTTAR PRADESH RAJYA VIDYUT UTPADAN NIGAM LIMITED","STATE",665,25,3.2,0,19.09,19.09,6,"Critical",NA,"Inadequate linkage"
2009-02-22,"NORTHERN","UTTAR PRADESH","RAIL","OBRA TPS","UTTAR PRADESH RAJYA VIDYUT UTPADAN NIGAM LIMITED","STATE",1278,20,16.1,0,180.9,180.9,11,NA,NA,NA
2009-02-22,"NORTHERN","UTTAR PRADESH","RAIL","PANKI TPS","UTTAR PRADESH RAJYA VIDYUT UTPADAN NIGAM LIMITED","STATE",210,30,4.3,0,15.11,15.11,4,"Critical",NA,"Inadequate linkage"
2009-02-22,"NORTHERN","UTTAR PRADESH","RAIL","PARICHHA TPS","UTTAR PRADESH RAJYA VIDYUT UTPADAN NIGAM LIMITED","STATE",1140,30,12.5,0,22.16,22.16,2,"Critical","Super Critical","Less receipt-CCL"
2009-02-22,"NORTHERN","UTTAR PRADESH","RAIL","DADRI (NCTPP)","NTPC LIMITED.","CENTRAL",1820,30,16.1,0,187.42,187.42,12,NA,NA,NA
2009-02-22,"NORTHERN","UTTAR PRADESH","PITHEAD","RIHAND STPS","NTPC LIMITED.","CENTRAL",3000,15,38.2,0,499.97,499.97,13,NA,NA,NA
2009-02-22,"NORTHERN","UTTAR PRADESH","PITHEAD","SINGRAULI STPS","NTPC LIMITED.","CENTRAL",2000,15,34.3,0,362.46,362.46,11,NA,NA,NA
2009-02-22,"NORTHERN","UTTAR PRADESH","RAIL","TANDA TPS","NTPC LIMITED.","CENTRAL",440,25,8.9,0,140.96,140.96,16,NA,NA,NA
2009-02-22,"NORTHERN","UTTAR PRADESH","RAIL","UNCHAHAR TPS","NTPC LIMITED.","CENTRAL",1050,25,21.4,0,136.07,136.07,6,"Critical",NA,"Unloading Constraint"
2009-02-22,"WESTERN","CHHATTISGARH","RAIL","DSPM TPS","CHHATTISGARH STATE POWER GENERATION CO. LTD.","STATE",500,15,9.6,0,98.71,98.71,10,NA,NA,NA
2009-02-22,"WESTERN","CHHATTISGARH","PITHEAD","KORBA-II","CHHATTISGARH STATE POWER GENERATION CO. LTD.","STATE",440,15,8.6,0,75.56,75.56,9,NA,NA,NA
2009-02-22,"WESTERN","CHHATTISGARH","PITHEAD","KORBA-WEST TPS","CHHATTISGARH STATE POWER GENERATION CO. LTD.","STATE",1340,15,13.2,0,271.38,271.38,21,NA,NA,NA
2009-02-22,"WESTERN","CHHATTISGARH","PITHEAD","KORBA STPS","NTPC LIMITED.","CENTRAL",2600,15,34.3,0,460.58,460.58,13,NA,NA,NA
2009-02-22,"WESTERN","CHHATTISGARH","RAIL","SIPAT STPS","NTPC LIMITED.","CENTRAL",2980,20,16.8,0,15.81,15.81,1,"Critical","Super Critical","Less Receipt - SECL"
2009-02-22,"WESTERN","GUJARAT","RAIL","GANDHI NAGAR TPS","GUJARAT STATE ELECTRICITY CORPORATION LIMITED","STATE",870,30,13.6,0.1,14.38,14.49,1,"Critical","Super Critical","Less Receipt - SECL"
2009-02-22,"WESTERN","GUJARAT","RAIL","SIKKA REP. TPS","GUJARAT STATE ELECTRICITY CORPORATION LIMITED","STATE",240,30,4.6,15.66,14.31,29.97,6,"Critical",NA,NA
2009-02-22,"WESTERN","GUJARAT","RAIL","UKAI TPS","GUJARAT STATE ELECTRICITY CORPORATION LIMITED","STATE",1350,30,13.9,0,95.66,95.66,7,NA,NA,"Less Receipt - SECL"
2009-02-22,"WESTERN","GUJARAT","RAIL","WANAKBORI TPS","GUJARAT STATE ELECTRICITY CORPORATION LIMITED","STATE",1470,30,25.7,0,50.41,50.41,2,"Critical","Super Critical","Inadequate linkage"
2009-02-22,"WESTERN","GUJARAT","RAIL","SABARMATI (C STATION)","TORRENT POWER LTD","PRIVATE",400,30,4.6,0,8.89,8.89,2,"Critical","Super Critical","Inadequate linkage"
2009-02-22,"WESTERN","MADHYA PRADESH","PITHEAD","AMAR KANTAK","M. P. POWER GENERATING CORPORATION LIMITED","STATE",490,15,6.3,0,93.65,93.65,15,NA,NA,NA
2009-02-22,"WESTERN","MADHYA PRADESH","RAIL","SANJAY GANDHI TPS","M. P. POWER GENERATING CORPORATION LIMITED","STATE",1340,20,19.6,0,86.8,86.8,4,"Critical",NA,"Inadequate linkage"
2009-02-22,"WESTERN","MADHYA PRADESH","RAIL","SATPURA TPS","M. P. POWER GENERATING CORPORATION LIMITED","STATE",1330,20,22.5,0,39.3,39.3,2,"Critical","Super Critical","Less Receipt - WCL"
2009-02-22,"WESTERN","MADHYA PRADESH","PITHEAD","VINDHYACHAL STPS","NTPC LIMITED.","CENTRAL",4260,15,55.4,0,341.9,341.9,6,"Critical",NA,"Inadequate linkage"
2009-02-22,"WESTERN","MAHARASHTRA","RAIL","BHUSAWAL TPS","MAHARASHTRA STATE POWER GENERATION COMPANY LIMITED","STATE",1420,25,8.4,0,41.91,41.91,5,"Critical",NA,"Inadequate linkage"
2009-02-22,"WESTERN","MAHARASHTRA","RAIL","CHANDRAPUR(MAHARASHTRA) STPS","MAHARASHTRA STATE POWER GENERATION COMPANY LIMITED","STATE",2340,20,38.2,0,62.86,62.86,2,"Critical","Super Critical","Inadequate linkage"
2009-02-22,"WESTERN","MAHARASHTRA","RAIL","KHAPARKHEDA TPS","MAHARASHTRA STATE POWER GENERATION COMPANY LIMITED","STATE",1340,20,15.9,0,75.61,75.61,5,"Critical",NA,"Less Receipt"
2009-02-22,"WESTERN","MAHARASHTRA","RAIL","KORADI TPS","MAHARASHTRA STATE POWER GENERATION COMPANY LIMITED","STATE",1040,25,19.8,0,56.73,56.73,3,"Critical","Super Critical","Less Receipt -SECL"
2009-02-22,"WESTERN","MAHARASHTRA","RAIL","NASIK TPS","MAHARASHTRA STATE POWER GENERATION COMPANY LIMITED","STATE",630,25,15.5,0,18.83,18.83,1,"Critical","Super Critical","Inadequate linkage"
2009-02-22,"WESTERN","MAHARASHTRA","RAIL","PARLI TPS","MAHARASHTRA STATE POWER GENERATION COMPANY LIMITED","STATE",1130,25,16.1,0,121.7,121.7,8,NA,NA,NA
2009-02-22,"WESTERN","MAHARASHTRA","RAIL","PARAS TPS","MAHARASHTRA STATE POWER GENERATION COMPANY LIMITED","STATE",500,20,6.3,0,21.02,21.02,3,"Critical","Super Critical","Less Receipt"
2009-02-22,"WESTERN","MAHARASHTRA","RAIL","DAHANU TPS","RELIANCE INFRASTRUCTURE LTD.","PRIVATE",500,25,10.4,53.46,42.46,95.92,9,NA,NA,NA
2009-02-22,"SOUTHERN","ANDHRA PRADESH","RAIL","Dr. N.TATA RAO TPS","ANDHRA PRADESH POWER GENERATION CORP. LIMITED.","STATE",1760,25,22,0,31.03,31.03,1,"Critical","Super Critical","Inadequate linkage"
2009-02-22,"SOUTHERN","ANDHRA PRADESH","RAIL","KOTHAGUDEM TPS","ANDHRA PRADESH POWER GENERATION CORP. LIMITED.","STATE",1720,20,21.4,0,150.67,150.67,7,NA,NA,NA
2009-02-22,"SOUTHERN","ANDHRA PRADESH","ROAD","RAMAGUNDEM - B TPS","ANDHRA PRADESH POWER GENERATION CORP. LIMITED.","STATE",62.5,20,0.9,0,18.04,18.04,20,NA,NA,NA
2009-02-22,"SOUTHERN","ANDHRA PRADESH","RAIL","RAYALASEEMA TPS","ANDHRA PRADESH POWER GENERATION CORP. LIMITED.","STATE",1050,25,16.9,0,19.14,19.14,1,"Critical","Super Critical","Inadequate linkage"
2009-02-22,"SOUTHERN","ANDHRA PRADESH","PITHEAD","RAMAGUNDEM STPS","NTPC LIMITED.","CENTRAL",2600,15,42,0,536.24,536.24,13,NA,NA,NA
2009-02-22,"SOUTHERN","ANDHRA PRADESH","RAIL","SIMHADRI","NTPC LIMITED.","CENTRAL",2000,25,20.7,0,278.33,278.33,13,NA,NA,NA
2009-02-22,"SOUTHERN","KARNATAKA","RAIL","RAICHUR TPS","KARNATAKA POWER CORPORATION LIMITED","STATE",1720,30,31,0,467.09,467.09,15,NA,NA,NA
2009-02-22,"SOUTHERN","TAMIL NADU","INTER MODAL","ENNORE TPS","TAMIL NADU GENERATION & DISTRIBUTION CORP. LTD.","STATE",450,30,8.2,0,43.87,43.87,5,"Critical",NA,"Less Receipt -MCL"
2009-02-22,"SOUTHERN","TAMIL NADU","INTER MODAL","METTUR TPS","TAMIL NADU GENERATION & DISTRIBUTION CORP. LTD.","STATE",1440,30,15.1,27.53,83.21,110.74,7,NA,NA,NA
2009-02-22,"SOUTHERN","TAMIL NADU","INTER MODAL","NORTH CHENNAI TPS","TAMIL NADU GENERATION & DISTRIBUTION CORP. LTD.","STATE",1830,30,11.2,14.13,43.39,57.52,5,"Critical",NA,"Less Receipt -MCL"
2009-02-22,"SOUTHERN","TAMIL NADU","INTER MODAL","TUTICORIN TPS","TAMIL NADU GENERATION & DISTRIBUTION CORP. LTD.","STATE",1050,30,18.7,47.21,121.73,168.94,9,NA,NA,NA
2009-02-22,"EASTERN","BIHAR","RAIL","BARAUNI TPS","BIHAR STATE ELECTRICITY BOARD","STATE",210,20,0.7,0,12.17,12.17,17,NA,NA,NA
2009-02-22,"EASTERN","BIHAR","RAIL","MUZAFFARPUR TPS","KANTI BIJLEE UTPADAN NIGAM LTD.","CENTRAL",220,20,1.1,0,0,0,0,"Critical","Super Critical","Less Receipt"
2009-02-22,"EASTERN","BIHAR","PITHEAD","KAHALGAON TPS","NTPC LIMITED.","CENTRAL",2340,15,38.4,0,36.89,36.89,1,"Critical","Super Critical","Less Receipt - ECL"
2009-02-22,"EASTERN","JHARKHAND","RAIL","PATRATU TPS","JHARKHAND STATE ELECTRICITY BOARD","STATE",770,20,5,0,29.72,29.72,6,"Critical",NA,"Less Receipt"
2009-02-22,"EASTERN","JHARKHAND","ROAD","TENUGHAT TPS","TENUGHAT VIDYUT NIGAM LIMITED","STATE",420,20,6.1,0,0.87,0.87,0,"Critical","Super Critical","Inadequate linkage"
2009-02-22,"EASTERN","JHARKHAND","RAIL","BOKARO `B` TPS","DAMODAR VALLEY CORPORATION","CENTRAL",630,20,9.5,0,150.23,150.23,16,NA,NA,NA
2009-02-22,"EASTERN","JHARKHAND","RAIL","CHANDRAPURA(DVC) TPS","DAMODAR VALLEY CORPORATION","CENTRAL",890,20,6.3,0,114.22,114.22,18,NA,NA,NA
2009-02-22,"EASTERN","ORISSA","PITHEAD","IB VALLEY TPS","ORISSA POWER GENERATION CORPORATION LIMITED","STATE",420,15,9.5,0,192.56,192.56,20,NA,NA,NA
2009-02-22,"EASTERN","ORISSA","PITHEAD","TALCHER (OLD) TPS","NTPC LIMITED.","CENTRAL",470,15,8.9,0,72.55,72.55,8,NA,NA,NA
2009-02-22,"EASTERN","ORISSA","PITHEAD","TALCHER STPS","NTPC LIMITED.","CENTRAL",3000,15,64.3,0,146.84,146.84,2,"Critical","Super Critical","Inadequate linkage"
2009-02-22,"EASTERN","WEST BENGAL","RAIL","DURGAPUR TPS","DAMODAR VALLEY CORPORATION","CENTRAL",340,20,5.7,0,171.54,171.54,30,NA,NA,NA
2009-02-22,"EASTERN","WEST BENGAL","RAIL","MEJIA TPS","DAMODAR VALLEY CORPORATION","CENTRAL",2340,20,24.3,0,0,0,0,"Critical","Super Critical","Unloading Constraint"
2009-02-22,"EASTERN","WEST BENGAL","RAIL","BAKRESWAR TPS","WEST BENGAL POWER DEVELOPMENT CORP. LIMITED","STATE",1050,25,12.5,0,251.56,251.56,20,NA,NA,NA
2009-02-22,"EASTERN","WEST BENGAL","RAIL","BANDEL TPS","WEST BENGAL POWER DEVELOPMENT CORP. LIMITED","STATE",450,20,5.7,0,0,0,0,"Critical","Super Critical","Inadequate linkage"
2009-02-22,"EASTERN","WEST BENGAL","RAIL","D.P.L. TPS","DURGAPUR PROJECTS LIMITED","STATE",630,20,10.7,0,38.31,38.31,4,"Critical",NA,"Less receipt - EMTA"
2009-02-22,"EASTERN","WEST BENGAL","RAIL","KOLAGHAT TPS","WEST BENGAL POWER DEVELOPMENT CORP. LIMITED","STATE",1260,25,21.3,0,252.17,252.17,12,NA,NA,NA
2009-02-22,"EASTERN","WEST BENGAL","RAIL","SAGARDIGHI TPS","WEST BENGAL POWER DEVELOPMENT CORP. LIMITED","STATE",600,20,7.9,0,0.83,0.83,0,"Critical","Super Critical","Unloading Constraint"
2009-02-22,"EASTERN","WEST BENGAL","RAIL","SANTALDIH TPS","WEST BENGAL POWER DEVELOPMENT CORP. LIMITED","STATE",980,20,8.2,0,116.5,116.5,14,NA,NA,NA
2009-02-22,"EASTERN","WEST BENGAL","RAIL","BUDGE BUDGE TPS","CALCUTTA ELECTRIC SUPPLY CO. LTD.","PRIVATE",750,20,7.9,0,106.88,106.88,14,NA,NA,NA
2009-02-22,"EASTERN","WEST BENGAL","RAIL","NEW COSSIPORE TPS","CALCUTTA ELECTRIC SUPPLY CO. LTD.","PRIVATE",160,20,1.4,0,21.75,21.75,15,NA,NA,NA
2009-02-22,"EASTERN","WEST BENGAL","RAIL","SOUTHERN REPL. TPS","CALCUTTA ELECTRIC SUPPLY CO. LTD.","PRIVATE",135,25,2.5,0,46.64,46.64,19,NA,NA,NA
2009-02-22,"EASTERN","WEST BENGAL","RAIL","TITAGARH TPS","CALCUTTA ELECTRIC SUPPLY CO. LTD.","PRIVATE",240,20,3.9,0,57.23,57.23,15,NA,NA,NA
2009-02-22,"EASTERN","WEST BENGAL","RAIL","FARAKKA STPS","NTPC LIMITED.","CENTRAL",2100,15,37.5,0,90.53,90.53,2,"Critical","Super Critical","Less Receipt - ECL"
2009-02-23,"NORTHERN","DELHI","RAIL","I.P.  T.P.S.","INDRAPRASTHA  POWER GENERATION COMPANY LIMITED","STATE",247.5,25,3.4,0,35.68,35.68,11,NA,NA,NA
2009-02-23,"NORTHERN","DELHI","RAIL","RAJGHAT TPS","INDRAPRASTHA  POWER GENERATION COMPANY LIMITED","STATE",135,25,2.3,0,91.67,91.67,39,NA,NA,NA
2009-02-23,"NORTHERN","DELHI","RAIL","BADARPUR TPS","NTPC LIMITED.","CENTRAL",705,30,14.8,0,53.58,53.58,4,"Critical",NA,"Less Receipt - CCL"
2009-02-23,"NORTHERN","HARYANA","RAIL","FARIDABAD TPS.","HARYANA POWER  GENERATION CORPORATION LIMITED","STATE",55,25,2.1,0,21.4,21.4,10,NA,NA,NA
2009-02-23,"NORTHERN","HARYANA","RAIL","PANIPAT TPS","HARYANA POWER  GENERATION CORPORATION LIMITED","STATE",1360,25,26.8,0,27.18,27.18,1,"Critical","Super Critical","Less Receipt - CCL"
2009-02-23,"NORTHERN","HARYANA","RAIL","YAMUNA NAGAR TPS","HARYANA POWER  GENERATION CORPORATION LIMITED","STATE",600,25,10.7,0,40.63,40.63,4,"Critical",NA,"Inadequate linkage"
2009-02-23,"NORTHERN","PUNJAB","RAIL","GH TPS (LEH.MOH.)","PUNJAB STATE POWER CORP. LTD.","STATE",920,30,15.5,0,45.15,45.15,3,"Critical","Super Critical","Inadequate linkage"
2009-02-23,"NORTHERN","PUNJAB","RAIL","GND TPS(BHATINDA)","PUNJAB STATE POWER CORP. LTD.","STATE",440,30,7,0,69.14,69.14,10,NA,NA,NA
2009-02-23,"NORTHERN","PUNJAB","RAIL","ROPAR TPS","PUNJAB STATE POWER CORP. LTD.","STATE",1260,30,22.1,0,93.02,93.02,4,"Critical",NA,"Inadequate linkage"
2009-02-23,"NORTHERN","RAJASTHAN","RAIL","KOTA TPS","RAJASTHAN RAJYA VIDYUT UTPADAN NIGAM LIMITED","STATE",1240,30,21.6,16.15,208.73,224.88,10,NA,NA,NA
2009-02-23,"NORTHERN","RAJASTHAN","RAIL","SURATGARH TPS","RAJASTHAN RAJYA VIDYUT UTPADAN NIGAM LIMITED","STATE",1500,30,27,0,132.64,132.64,5,"Critical",NA,"Inadequate linkage"
2009-02-23,"NORTHERN","UTTAR PRADESH","PITHEAD","ANPARA TPS","UTTAR PRADESH RAJYA VIDYUT UTPADAN NIGAM LIMITED","STATE",1630,15,28.6,0,172.52,172.52,6,"Critical",NA,"Inadequate linkage"
2009-02-23,"NORTHERN","UTTAR PRADESH","RAIL","HARDUAGANJ TPS","UTTAR PRADESH RAJYA VIDYUT UTPADAN NIGAM LIMITED","STATE",665,25,3.2,0,15.04,15.04,5,"Critical",NA,"Inadequate linkage"
2009-02-23,"NORTHERN","UTTAR PRADESH","RAIL","OBRA TPS","UTTAR PRADESH RAJYA VIDYUT UTPADAN NIGAM LIMITED","STATE",1278,20,16.1,0,190.91,190.91,12,NA,NA,NA
2009-02-23,"NORTHERN","UTTAR PRADESH","RAIL","PANKI TPS","UTTAR PRADESH RAJYA VIDYUT UTPADAN NIGAM LIMITED","STATE",210,30,4.3,0,9.71,9.71,2,"Critical","Super Critical","Inadequate linkage"
2009-02-23,"NORTHERN","UTTAR PRADESH","RAIL","PARICHHA TPS","UTTAR PRADESH RAJYA VIDYUT UTPADAN NIGAM LIMITED","STATE",1140,30,12.5,0,21.5,21.5,2,"Critical","Super Critical","Less receipt-CCL"
2009-02-23,"NORTHERN","UTTAR PRADESH","RAIL","DADRI (NCTPP)","NTPC LIMITED.","CENTRAL",1820,30,16.1,0,192.73,192.73,12,NA,NA,NA
2009-02-23,"NORTHERN","UTTAR PRADESH","PITHEAD","RIHAND STPS","NTPC LIMITED.","CENTRAL",3000,15,38.2,0,501.87,501.87,13,NA,NA,NA
2009-02-23,"NORTHERN","UTTAR PRADESH","PITHEAD","SINGRAULI STPS","NTPC LIMITED.","CENTRAL",2000,15,34.3,0,368.6,368.6,11,NA,NA,NA
2009-02-23,"NORTHERN","UTTAR PRADESH","RAIL","TANDA TPS","NTPC LIMITED.","CENTRAL",440,25,8.9,0,144.6,144.6,16,NA,NA,NA
2009-02-23,"NORTHERN","UTTAR PRADESH","RAIL","UNCHAHAR TPS","NTPC LIMITED.","CENTRAL",1050,25,21.4,0,130.52,130.52,6,"Critical",NA,"Unloading Constraint"
2009-02-23,"WESTERN","CHHATTISGARH","RAIL","DSPM TPS","CHHATTISGARH STATE POWER GENERATION CO. LTD.","STATE",500,15,9.6,0,97.96,97.96,10,NA,NA,NA
2009-02-23,"WESTERN","CHHATTISGARH","PITHEAD","KORBA-II","CHHATTISGARH STATE POWER GENERATION CO. LTD.","STATE",440,15,8.6,0,74.09,74.09,9,NA,NA,NA
2009-02-23,"WESTERN","CHHATTISGARH","PITHEAD","KORBA-WEST TPS","CHHATTISGARH STATE POWER GENERATION CO. LTD.","STATE",1340,15,13.2,0,273.25,273.25,21,NA,NA,NA
2009-02-23,"WESTERN","CHHATTISGARH","PITHEAD","KORBA STPS","NTPC LIMITED.","CENTRAL",2600,15,34.3,0,455.73,455.73,13,NA,NA,NA
2009-02-23,"WESTERN","CHHATTISGARH","RAIL","SIPAT STPS","NTPC LIMITED.","CENTRAL",2980,20,16.8,0,14.37,14.37,1,"Critical","Super Critical","Less Receipt - SECL"
2009-02-23,"WESTERN","GUJARAT","RAIL","GANDHI NAGAR TPS","GUJARAT STATE ELECTRICITY CORPORATION LIMITED","STATE",870,30,13.6,0.1,18.97,19.07,1,"Critical","Super Critical","Less Receipt - SECL"
2009-02-23,"WESTERN","GUJARAT","RAIL","SIKKA REP. TPS","GUJARAT STATE ELECTRICITY CORPORATION LIMITED","STATE",240,30,4.6,14.64,11.17,25.81,6,"Critical",NA,"Less Receipt - SECL"
2009-02-23,"WESTERN","GUJARAT","RAIL","UKAI TPS","GUJARAT STATE ELECTRICITY CORPORATION LIMITED","STATE",1350,30,13.9,0,94.31,94.31,7,NA,NA,NA
2009-02-23,"WESTERN","GUJARAT","RAIL","WANAKBORI TPS","GUJARAT STATE ELECTRICITY CORPORATION LIMITED","STATE",1470,30,25.7,0,41.33,41.33,2,"Critical","Super Critical","Inadequate linkage"
2009-02-23,"WESTERN","GUJARAT","RAIL","SABARMATI (C STATION)","TORRENT POWER LTD","PRIVATE",400,30,4.6,0,8.25,8.25,2,"Critical","Super Critical","Inadequate linkage"
2009-02-23,"WESTERN","MADHYA PRADESH","PITHEAD","AMAR KANTAK","M. P. POWER GENERATING CORPORATION LIMITED","STATE",490,15,6.3,0,94.8,94.8,15,NA,NA,NA
2009-02-23,"WESTERN","MADHYA PRADESH","RAIL","SANJAY GANDHI TPS","M. P. POWER GENERATING CORPORATION LIMITED","STATE",1340,20,19.6,0,86.99,86.99,4,"Critical",NA,"Inadequate linkage"
2009-02-23,"WESTERN","MADHYA PRADESH","RAIL","SATPURA TPS","M. P. POWER GENERATING CORPORATION LIMITED","STATE",1330,20,22.5,0,37.41,37.41,2,"Critical","Super Critical","Less Receipt - WCL"
2009-02-23,"WESTERN","MADHYA PRADESH","PITHEAD","VINDHYACHAL STPS","NTPC LIMITED.","CENTRAL",4260,15,55.4,0,349.61,349.61,6,"Critical",NA,"Inadequate linkage"
2009-02-23,"WESTERN","MAHARASHTRA","RAIL","BHUSAWAL TPS","MAHARASHTRA STATE POWER GENERATION COMPANY LIMITED","STATE",1420,25,8.4,0,41.44,41.44,5,"Critical",NA,"Inadequate linkage"
2009-02-23,"WESTERN","MAHARASHTRA","RAIL","CHANDRAPUR(MAHARASHTRA) STPS","MAHARASHTRA STATE POWER GENERATION COMPANY LIMITED","STATE",2340,20,38.2,0,58.47,58.47,2,"Critical","Super Critical","Inadequate linkage"
2009-02-23,"WESTERN","MAHARASHTRA","RAIL","KHAPARKHEDA TPS","MAHARASHTRA STATE POWER GENERATION COMPANY LIMITED","STATE",1340,20,15.9,0,71.79,71.79,5,"Critical",NA,"Less Receipt"
2009-02-23,"WESTERN","MAHARASHTRA","RAIL","KORADI TPS","MAHARASHTRA STATE POWER GENERATION COMPANY LIMITED","STATE",1040,25,19.8,0,54.59,54.59,3,"Critical","Super Critical","Less Receipt -SECL"
2009-02-23,"WESTERN","MAHARASHTRA","RAIL","NASIK TPS","MAHARASHTRA STATE POWER GENERATION COMPANY LIMITED","STATE",630,25,15.5,0,20.82,20.82,1,"Critical","Super Critical","Inadequate linkage"
2009-02-23,"WESTERN","MAHARASHTRA","RAIL","PARLI TPS","MAHARASHTRA STATE POWER GENERATION COMPANY LIMITED","STATE",1130,25,16.1,0,116.17,116.17,7,NA,NA,NA
2009-02-23,"WESTERN","MAHARASHTRA","RAIL","PARAS TPS","MAHARASHTRA STATE POWER GENERATION COMPANY LIMITED","STATE",500,20,6.3,0,24.17,24.17,4,"Critical",NA,"Less Receipt"
2009-02-23,"WESTERN","MAHARASHTRA","RAIL","DAHANU TPS","RELIANCE INFRASTRUCTURE LTD.","PRIVATE",500,25,10.4,50.43,38.2,88.63,9,NA,NA,NA
2009-02-23,"SOUTHERN","ANDHRA PRADESH","RAIL","Dr. N.TATA RAO TPS","ANDHRA PRADESH POWER GENERATION CORP. LIMITED.","STATE",1760,25,22,0,35.68,35.68,2,"Critical","Super Critical","Inadequate linkage"
2009-02-23,"SOUTHERN","ANDHRA PRADESH","RAIL","KOTHAGUDEM TPS","ANDHRA PRADESH POWER GENERATION CORP. LIMITED.","STATE",1720,20,21.4,0,149.65,149.65,7,NA,NA,NA
2009-02-23,"SOUTHERN","ANDHRA PRADESH","ROAD","RAMAGUNDEM - B TPS","ANDHRA PRADESH POWER GENERATION CORP. LIMITED.","STATE",62.5,20,0.9,0,18.1,18.1,20,NA,NA,NA
2009-02-23,"SOUTHERN","ANDHRA PRADESH","RAIL","RAYALASEEMA TPS","ANDHRA PRADESH POWER GENERATION CORP. LIMITED.","STATE",1050,25,16.9,0,15.4,15.4,1,"Critical","Super Critical","Inadequate linkage"
2009-02-23,"SOUTHERN","ANDHRA PRADESH","PITHEAD","RAMAGUNDEM STPS","NTPC LIMITED.","CENTRAL",2600,15,42,0,532.65,532.65,13,NA,NA,NA
2009-02-23,"SOUTHERN","ANDHRA PRADESH","RAIL","SIMHADRI","NTPC LIMITED.","CENTRAL",2000,25,20.7,0,279.86,279.86,14,NA,NA,NA
2009-02-23,"SOUTHERN","KARNATAKA","RAIL","RAICHUR TPS","KARNATAKA POWER CORPORATION LIMITED","STATE",1720,30,31,0,469.32,469.32,15,NA,NA,NA
2009-02-23,"SOUTHERN","TAMIL NADU","INTER MODAL","ENNORE TPS","TAMIL NADU GENERATION & DISTRIBUTION CORP. LTD.","STATE",450,30,8.2,0,45,45,5,"Critical",NA,"Less Receipt -MCL"
2009-02-23,"SOUTHERN","TAMIL NADU","INTER MODAL","METTUR TPS","TAMIL NADU GENERATION & DISTRIBUTION CORP. LTD.","STATE",1440,30,15.1,25.25,92.79,118.04,8,NA,NA,NA
2009-02-23,"SOUTHERN","TAMIL NADU","INTER MODAL","NORTH CHENNAI TPS","TAMIL NADU GENERATION & DISTRIBUTION CORP. LTD.","STATE",1830,30,11.2,22.97,45.73,68.7,6,"Critical",NA,"Less Receipt -MCL"
2009-02-23,"SOUTHERN","TAMIL NADU","INTER MODAL","TUTICORIN TPS","TAMIL NADU GENERATION & DISTRIBUTION CORP. LTD.","STATE",1050,30,18.7,33.33,111.45,144.78,8,NA,NA,NA
2009-02-23,"EASTERN","BIHAR","RAIL","BARAUNI TPS","BIHAR STATE ELECTRICITY BOARD","STATE",210,20,0.7,0,10.44,10.44,15,NA,NA,NA
2009-02-23,"EASTERN","BIHAR","RAIL","MUZAFFARPUR TPS","KANTI BIJLEE UTPADAN NIGAM LTD.","CENTRAL",220,20,1.1,0,3.35,3.35,3,"Critical","Super Critical","Less Receipt"
2009-02-23,"EASTERN","BIHAR","PITHEAD","KAHALGAON TPS","NTPC LIMITED.","CENTRAL",2340,15,38.4,0,38.1,38.1,1,"Critical","Super Critical","Less Receipt - ECL"
2009-02-23,"EASTERN","JHARKHAND","RAIL","PATRATU TPS","JHARKHAND STATE ELECTRICITY BOARD","STATE",770,20,5,0,26.34,26.34,5,"Critical",NA,"Less Receipt"
2009-02-23,"EASTERN","JHARKHAND","ROAD","TENUGHAT TPS","TENUGHAT VIDYUT NIGAM LIMITED","STATE",420,20,6.1,0,0.87,0.87,0,"Critical","Super Critical","Inadequate linkage"
2009-02-23,"EASTERN","JHARKHAND","RAIL","BOKARO `B` TPS","DAMODAR VALLEY CORPORATION","CENTRAL",630,20,9.5,0,153.49,153.49,16,NA,NA,NA
2009-02-23,"EASTERN","JHARKHAND","RAIL","CHANDRAPURA(DVC) TPS","DAMODAR VALLEY CORPORATION","CENTRAL",890,20,6.3,0,117.19,117.19,19,NA,NA,NA
2009-02-23,"EASTERN","ORISSA","PITHEAD","IB VALLEY TPS","ORISSA POWER GENERATION CORPORATION LIMITED","STATE",420,15,9.5,0,189.81,189.81,20,NA,NA,NA
2009-02-23,"EASTERN","ORISSA","PITHEAD","TALCHER (OLD) TPS","NTPC LIMITED.","CENTRAL",470,15,8.9,0,72.19,72.19,8,NA,NA,NA
2009-02-23,"EASTERN","ORISSA","PITHEAD","TALCHER STPS","NTPC LIMITED.","CENTRAL",3000,15,64.3,0,150.95,150.95,2,"Critical","Super Critical","Inadequate linkage"
2009-02-23,"EASTERN","WEST BENGAL","RAIL","DURGAPUR TPS","DAMODAR VALLEY CORPORATION","CENTRAL",340,20,5.7,0,174.4,174.4,31,NA,NA,NA
2009-02-23,"EASTERN","WEST BENGAL","RAIL","MEJIA TPS","DAMODAR VALLEY CORPORATION","CENTRAL",2340,20,24.3,0,0,0,0,"Critical","Super Critical","Unloading Constraint"
2009-02-23,"EASTERN","WEST BENGAL","RAIL","BAKRESWAR TPS","WEST BENGAL POWER DEVELOPMENT CORP. LIMITED","STATE",1050,25,12.5,0,256.24,256.24,20,NA,NA,NA
2009-02-23,"EASTERN","WEST BENGAL","RAIL","BANDEL TPS","WEST BENGAL POWER DEVELOPMENT CORP. LIMITED","STATE",450,20,5.7,0,1.41,1.41,0,"Critical","Super Critical","Inadequate linkage"
2009-02-23,"EASTERN","WEST BENGAL","RAIL","D.P.L. TPS","DURGAPUR PROJECTS LIMITED","STATE",630,20,10.7,0,34.65,34.65,3,"Critical","Super Critical","Less receipt - EMTA"
2009-02-23,"EASTERN","WEST BENGAL","RAIL","KOLAGHAT TPS","WEST BENGAL POWER DEVELOPMENT CORP. LIMITED","STATE",1260,25,21.3,0,252.3,252.3,12,NA,NA,NA
2009-02-23,"EASTERN","WEST BENGAL","RAIL","SAGARDIGHI TPS","WEST BENGAL POWER DEVELOPMENT CORP. LIMITED","STATE",600,20,7.9,0,0,0,0,"Critical","Super Critical","Unloading Constraint"
2009-02-23,"EASTERN","WEST BENGAL","RAIL","SANTALDIH TPS","WEST BENGAL POWER DEVELOPMENT CORP. LIMITED","STATE",980,20,8.2,0,112.92,112.92,14,NA,NA,NA
2009-02-23,"EASTERN","WEST BENGAL","RAIL","BUDGE BUDGE TPS","CALCUTTA ELECTRIC SUPPLY CO. LTD.","PRIVATE",750,20,7.9,0,115.01,115.01,15,NA,NA,NA
2009-02-23,"EASTERN","WEST BENGAL","RAIL","NEW COSSIPORE TPS","CALCUTTA ELECTRIC SUPPLY CO. LTD.","PRIVATE",160,20,1.4,0,20.48,20.48,14,NA,NA,NA
2009-02-23,"EASTERN","WEST BENGAL","RAIL","SOUTHERN REPL. TPS","CALCUTTA ELECTRIC SUPPLY CO. LTD.","PRIVATE",135,25,2.5,0,47.95,47.95,19,NA,NA,NA
2009-02-23,"EASTERN","WEST BENGAL","RAIL","TITAGARH TPS","CALCUTTA ELECTRIC SUPPLY CO. LTD.","PRIVATE",240,20,3.9,0,53.67,53.67,14,NA,NA,NA
2009-02-23,"EASTERN","WEST BENGAL","RAIL","FARAKKA STPS","NTPC LIMITED.","CENTRAL",2100,15,37.5,0,85.21,85.21,2,"Critical","Super Critical","Less Receipt - ECL"
2009-02-24,"NORTHERN","DELHI","RAIL","I.P.  T.P.S.","INDRAPRASTHA  POWER GENERATION COMPANY LIMITED","STATE",247.5,25,3.4,0,41.08,41.08,12,NA,NA,NA
2009-02-24,"NORTHERN","DELHI","RAIL","RAJGHAT TPS","INDRAPRASTHA  POWER GENERATION COMPANY LIMITED","STATE",135,25,2.3,0,94.87,94.87,41,NA,NA,NA
2009-02-24,"NORTHERN","DELHI","RAIL","BADARPUR TPS","NTPC LIMITED.","CENTRAL",705,30,14.8,0,63.32,63.32,4,"Critical",NA,"Less Receipt - CCL"
2009-02-24,"NORTHERN","HARYANA","RAIL","FARIDABAD TPS.","HARYANA POWER  GENERATION CORPORATION LIMITED","STATE",55,25,2.1,0,19.45,19.45,9,NA,NA,NA
2009-02-24,"NORTHERN","HARYANA","RAIL","PANIPAT TPS","HARYANA POWER  GENERATION CORPORATION LIMITED","STATE",1360,25,26.8,0,21.59,21.59,1,"Critical","Super Critical","Less Receipt - CCL"
2009-02-24,"NORTHERN","HARYANA","RAIL","YAMUNA NAGAR TPS","HARYANA POWER  GENERATION CORPORATION LIMITED","STATE",600,25,10.7,0,46.15,46.15,4,"Critical",NA,"Inadequate linkage"
2009-02-24,"NORTHERN","PUNJAB","RAIL","GH TPS (LEH.MOH.)","PUNJAB STATE POWER CORP. LTD.","STATE",920,30,15.5,0,43.05,43.05,3,"Critical","Super Critical","Inadequate linkage"
2009-02-24,"NORTHERN","PUNJAB","RAIL","GND TPS(BHATINDA)","PUNJAB STATE POWER CORP. LTD.","STATE",440,30,7,0,75.93,75.93,11,NA,NA,NA
2009-02-24,"NORTHERN","PUNJAB","RAIL","ROPAR TPS","PUNJAB STATE POWER CORP. LTD.","STATE",1260,30,22.1,0,99.59,99.59,4,"Critical",NA,"Inadequate linkage"
2009-02-24,"NORTHERN","RAJASTHAN","RAIL","KOTA TPS","RAJASTHAN RAJYA VIDYUT UTPADAN NIGAM LIMITED","STATE",1240,30,21.6,15.12,208.89,224.01,10,NA,NA,NA
2009-02-24,"NORTHERN","RAJASTHAN","RAIL","SURATGARH TPS","RAJASTHAN RAJYA VIDYUT UTPADAN NIGAM LIMITED","STATE",1500,30,27,0,138.18,138.18,5,"Critical",NA,"Inadequate linkage"
2009-02-24,"NORTHERN","UTTAR PRADESH","PITHEAD","ANPARA TPS","UTTAR PRADESH RAJYA VIDYUT UTPADAN NIGAM LIMITED","STATE",1630,15,28.6,0,169.26,169.26,6,"Critical",NA,"Inadequate linkage"
2009-02-24,"NORTHERN","UTTAR PRADESH","RAIL","HARDUAGANJ TPS","UTTAR PRADESH RAJYA VIDYUT UTPADAN NIGAM LIMITED","STATE",665,25,3.2,0,18.03,18.03,6,"Critical",NA,"Inadequate linkage"
2009-02-24,"NORTHERN","UTTAR PRADESH","RAIL","OBRA TPS","UTTAR PRADESH RAJYA VIDYUT UTPADAN NIGAM LIMITED","STATE",1278,20,16.1,0,191.73,191.73,12,NA,NA,NA
2009-02-24,"NORTHERN","UTTAR PRADESH","RAIL","PANKI TPS","UTTAR PRADESH RAJYA VIDYUT UTPADAN NIGAM LIMITED","STATE",210,30,4.3,0,12.5,12.5,3,"Critical","Super Critical","Inadequate linkage"
2009-02-24,"NORTHERN","UTTAR PRADESH","RAIL","PARICHHA TPS","UTTAR PRADESH RAJYA VIDYUT UTPADAN NIGAM LIMITED","STATE",1140,30,12.5,0,27.36,27.36,2,"Critical","Super Critical","Less receipt-CCL"
2009-02-24,"NORTHERN","UTTAR PRADESH","RAIL","DADRI (NCTPP)","NTPC LIMITED.","CENTRAL",1820,30,16.1,0,190.87,190.87,12,NA,NA,NA
2009-02-24,"NORTHERN","UTTAR PRADESH","PITHEAD","RIHAND STPS","NTPC LIMITED.","CENTRAL",3000,15,38.2,0,505.88,505.88,13,NA,NA,NA
2009-02-24,"NORTHERN","UTTAR PRADESH","PITHEAD","SINGRAULI STPS","NTPC LIMITED.","CENTRAL",2000,15,34.3,0,369.16,369.16,11,NA,NA,NA
2009-02-24,"NORTHERN","UTTAR PRADESH","RAIL","TANDA TPS","NTPC LIMITED.","CENTRAL",440,25,8.9,0,144.24,144.24,16,NA,NA,NA
2009-02-24,"NORTHERN","UTTAR PRADESH","RAIL","UNCHAHAR TPS","NTPC LIMITED.","CENTRAL",1050,25,21.4,0,133.03,133.03,6,"Critical",NA,"Unloading Constraint"
2009-02-24,"WESTERN","CHHATTISGARH","RAIL","DSPM TPS","CHHATTISGARH STATE POWER GENERATION CO. LTD.","STATE",500,15,9.6,0,100.91,100.91,10,NA,NA,NA
2009-02-24,"WESTERN","CHHATTISGARH","PITHEAD","KORBA-II","CHHATTISGARH STATE POWER GENERATION CO. LTD.","STATE",440,15,8.6,0,72.67,72.67,8,NA,NA,NA
2009-02-24,"WESTERN","CHHATTISGARH","PITHEAD","KORBA-WEST TPS","CHHATTISGARH STATE POWER GENERATION CO. LTD.","STATE",1340,15,13.2,0,278.03,278.03,21,NA,NA,NA
2009-02-24,"WESTERN","CHHATTISGARH","PITHEAD","KORBA STPS","NTPC LIMITED.","CENTRAL",2600,15,34.3,0,453.49,453.49,13,NA,NA,NA
2009-02-24,"WESTERN","CHHATTISGARH","RAIL","SIPAT STPS","NTPC LIMITED.","CENTRAL",2980,20,16.8,0,23.18,23.18,1,"Critical","Super Critical","Less Receipt - SECL"
2009-02-24,"WESTERN","GUJARAT","RAIL","GANDHI NAGAR TPS","GUJARAT STATE ELECTRICITY CORPORATION LIMITED","STATE",870,30,13.6,0.1,18.29,18.39,1,"Critical","Super Critical","Less Receipt - SECL"
2009-02-24,"WESTERN","GUJARAT","RAIL","SIKKA REP. TPS","GUJARAT STATE ELECTRICITY CORPORATION LIMITED","STATE",240,30,4.6,13.5,8.29,21.78,5,"Critical",NA,"Less Receipt - SECL"
2009-02-24,"WESTERN","GUJARAT","RAIL","UKAI TPS","GUJARAT STATE ELECTRICITY CORPORATION LIMITED","STATE",1350,30,13.9,0,86.17,86.17,6,"Critical",NA,"Less Receipt - SECL"
2009-02-24,"WESTERN","GUJARAT","RAIL","WANAKBORI TPS","GUJARAT STATE ELECTRICITY CORPORATION LIMITED","STATE",1470,30,25.7,0,41.23,41.23,2,"Critical","Super Critical","Inadequate linkage"
2009-02-24,"WESTERN","GUJARAT","RAIL","SABARMATI (C STATION)","TORRENT POWER LTD","PRIVATE",400,30,4.6,0,8.25,8.25,2,"Critical","Super Critical","Inadequate linkage"
2009-02-24,"WESTERN","MADHYA PRADESH","PITHEAD","AMAR KANTAK","M. P. POWER GENERATING CORPORATION LIMITED","STATE",490,15,6.3,0,94.91,94.91,15,NA,NA,NA
2009-02-24,"WESTERN","MADHYA PRADESH","RAIL","SANJAY GANDHI TPS","M. P. POWER GENERATING CORPORATION LIMITED","STATE",1340,20,19.6,0,93.8,93.8,5,"Critical",NA,"Inadequate linkage"
2009-02-24,"WESTERN","MADHYA PRADESH","RAIL","SATPURA TPS","M. P. POWER GENERATING CORPORATION LIMITED","STATE",1330,20,22.5,0,46.27,46.27,2,"Critical","Super Critical","Less Receipt - WCL"
2009-02-24,"WESTERN","MADHYA PRADESH","PITHEAD","VINDHYACHAL STPS","NTPC LIMITED.","CENTRAL",4260,15,55.4,0,354.09,354.09,6,"Critical",NA,"Inadequate linkage"
2009-02-24,"WESTERN","MAHARASHTRA","RAIL","BHUSAWAL TPS","MAHARASHTRA STATE POWER GENERATION COMPANY LIMITED","STATE",1420,25,8.4,0,44.4,44.4,5,"Critical",NA,"Inadequate linkage"
2009-02-24,"WESTERN","MAHARASHTRA","RAIL","CHANDRAPUR(MAHARASHTRA) STPS","MAHARASHTRA STATE POWER GENERATION COMPANY LIMITED","STATE",2340,20,38.2,0,59.35,59.35,2,"Critical","Super Critical","Inadequate linkage"
2009-02-24,"WESTERN","MAHARASHTRA","RAIL","KHAPARKHEDA TPS","MAHARASHTRA STATE POWER GENERATION COMPANY LIMITED","STATE",1340,20,15.9,0,72.82,72.82,5,"Critical",NA,"Less Receipt"
2009-02-24,"WESTERN","MAHARASHTRA","RAIL","KORADI TPS","MAHARASHTRA STATE POWER GENERATION COMPANY LIMITED","STATE",1040,25,19.8,0,54.05,54.05,3,"Critical","Super Critical","Less Receipt -SECL"
2009-02-24,"WESTERN","MAHARASHTRA","RAIL","NASIK TPS","MAHARASHTRA STATE POWER GENERATION COMPANY LIMITED","STATE",630,25,15.5,0,25.89,25.89,2,"Critical","Super Critical","Inadequate linkage"
2009-02-24,"WESTERN","MAHARASHTRA","RAIL","PARLI TPS","MAHARASHTRA STATE POWER GENERATION COMPANY LIMITED","STATE",1130,25,16.1,0,112.38,112.38,7,NA,NA,NA
2009-02-24,"WESTERN","MAHARASHTRA","RAIL","PARAS TPS","MAHARASHTRA STATE POWER GENERATION COMPANY LIMITED","STATE",500,20,6.3,0,23.44,23.44,4,"Critical",NA,"Less Receipt"
2009-02-24,"WESTERN","MAHARASHTRA","RAIL","DAHANU TPS","RELIANCE INFRASTRUCTURE LTD.","PRIVATE",500,25,10.4,47.69,41.05,88.75,9,NA,NA,NA
2009-02-24,"SOUTHERN","ANDHRA PRADESH","RAIL","Dr. N.TATA RAO TPS","ANDHRA PRADESH POWER GENERATION CORP. LIMITED.","STATE",1760,25,22,0,40.38,40.38,2,"Critical","Super Critical","Inadequate linkage"
2009-02-24,"SOUTHERN","ANDHRA PRADESH","RAIL","KOTHAGUDEM TPS","ANDHRA PRADESH POWER GENERATION CORP. LIMITED.","STATE",1720,20,21.4,0,153.44,153.44,7,NA,NA,NA
2009-02-24,"SOUTHERN","ANDHRA PRADESH","ROAD","RAMAGUNDEM - B TPS","ANDHRA PRADESH POWER GENERATION CORP. LIMITED.","STATE",62.5,20,0.9,0,18.2,18.2,20,NA,NA,NA
2009-02-24,"SOUTHERN","ANDHRA PRADESH","RAIL","RAYALASEEMA TPS","ANDHRA PRADESH POWER GENERATION CORP. LIMITED.","STATE",1050,25,16.9,0,15.13,15.13,1,"Critical","Super Critical","Inadequate linkage"
2009-02-24,"SOUTHERN","ANDHRA PRADESH","PITHEAD","RAMAGUNDEM STPS","NTPC LIMITED.","CENTRAL",2600,15,42,0,533.79,533.79,13,NA,NA,NA
2009-02-24,"SOUTHERN","ANDHRA PRADESH","RAIL","SIMHADRI","NTPC LIMITED.","CENTRAL",2000,25,20.7,0,281.14,281.14,14,NA,NA,NA
2009-02-24,"SOUTHERN","KARNATAKA","RAIL","RAICHUR TPS","KARNATAKA POWER CORPORATION LIMITED","STATE",1720,30,31,0,468.92,468.92,15,NA,NA,NA
2009-02-24,"SOUTHERN","TAMIL NADU","INTER MODAL","ENNORE TPS","TAMIL NADU GENERATION & DISTRIBUTION CORP. LTD.","STATE",450,30,8.2,0,45.34,45.34,6,"Critical",NA,"Less Receipt -MCL"
2009-02-24,"SOUTHERN","TAMIL NADU","INTER MODAL","METTUR TPS","TAMIL NADU GENERATION & DISTRIBUTION CORP. LTD.","STATE",1440,30,15.1,29.38,86.59,115.98,8,NA,NA,NA
2009-02-24,"SOUTHERN","TAMIL NADU","INTER MODAL","NORTH CHENNAI TPS","TAMIL NADU GENERATION & DISTRIBUTION CORP. LTD.","STATE",1830,30,11.2,38.75,61.13,99.88,9,NA,NA,NA
2009-02-24,"SOUTHERN","TAMIL NADU","INTER MODAL","TUTICORIN TPS","TAMIL NADU GENERATION & DISTRIBUTION CORP. LTD.","STATE",1050,30,18.7,33.07,108.33,141.4,8,NA,NA,NA
2009-02-24,"EASTERN","BIHAR","RAIL","BARAUNI TPS","BIHAR STATE ELECTRICITY BOARD","STATE",210,20,0.7,0,8.66,8.66,12,NA,NA,NA
2009-02-24,"EASTERN","BIHAR","RAIL","MUZAFFARPUR TPS","KANTI BIJLEE UTPADAN NIGAM LTD.","CENTRAL",220,20,1.1,0,2.15,2.15,2,"Critical","Super Critical","Less Receipt"
2009-02-24,"EASTERN","BIHAR","PITHEAD","KAHALGAON TPS","NTPC LIMITED.","CENTRAL",2340,15,38.4,0,27.27,27.27,1,"Critical","Super Critical","Less Receipt - ECL"
2009-02-24,"EASTERN","JHARKHAND","RAIL","PATRATU TPS","JHARKHAND STATE ELECTRICITY BOARD","STATE",770,20,5,0,26.34,26.34,5,"Critical",NA,"Less Receipt"
2009-02-24,"EASTERN","JHARKHAND","ROAD","TENUGHAT TPS","TENUGHAT VIDYUT NIGAM LIMITED","STATE",420,20,6.1,0,0.87,0.87,0,"Critical","Super Critical","Inadequate linkage"
2009-02-24,"EASTERN","JHARKHAND","RAIL","BOKARO `B` TPS","DAMODAR VALLEY CORPORATION","CENTRAL",630,20,9.5,0,154.28,154.28,16,NA,NA,NA
2009-02-24,"EASTERN","JHARKHAND","RAIL","CHANDRAPURA(DVC) TPS","DAMODAR VALLEY CORPORATION","CENTRAL",890,20,6.3,0,120.28,120.28,19,NA,NA,NA
2009-02-24,"EASTERN","ORISSA","PITHEAD","IB VALLEY TPS","ORISSA POWER GENERATION CORPORATION LIMITED","STATE",420,15,9.5,0,184.96,184.96,20,NA,NA,NA
2009-02-24,"EASTERN","ORISSA","PITHEAD","TALCHER (OLD) TPS","NTPC LIMITED.","CENTRAL",470,15,8.9,0,70.59,70.59,8,NA,NA,NA
2009-02-24,"EASTERN","ORISSA","PITHEAD","TALCHER STPS","NTPC LIMITED.","CENTRAL",3000,15,64.3,0,152.98,152.98,2,"Critical","Super Critical","Inadequate linkage"
2009-02-24,"EASTERN","WEST BENGAL","RAIL","DURGAPUR TPS","DAMODAR VALLEY CORPORATION","CENTRAL",340,20,5.7,0,177.02,177.02,31,NA,NA,NA
2009-02-24,"EASTERN","WEST BENGAL","RAIL","MEJIA TPS","DAMODAR VALLEY CORPORATION","CENTRAL",2340,20,24.3,0,0,0,0,"Critical","Super Critical","Unloading Constraint"
2009-02-24,"EASTERN","WEST BENGAL","RAIL","BAKRESWAR TPS","WEST BENGAL POWER DEVELOPMENT CORP. LIMITED","STATE",1050,25,12.5,0,257.66,257.66,21,NA,NA,NA
2009-02-24,"EASTERN","WEST BENGAL","RAIL","BANDEL TPS","WEST BENGAL POWER DEVELOPMENT CORP. LIMITED","STATE",450,20,5.7,0,0,0,0,"Critical","Super Critical","Inadequate linkage"
2009-02-24,"EASTERN","WEST BENGAL","RAIL","D.P.L. TPS","DURGAPUR PROJECTS LIMITED","STATE",630,20,10.7,0,34.09,34.09,3,"Critical","Super Critical","Less receipt - EMTA"
2009-02-24,"EASTERN","WEST BENGAL","RAIL","KOLAGHAT TPS","WEST BENGAL POWER DEVELOPMENT CORP. LIMITED","STATE",1260,25,21.3,0,249.27,249.27,12,NA,NA,NA
2009-02-24,"EASTERN","WEST BENGAL","RAIL","SAGARDIGHI TPS","WEST BENGAL POWER DEVELOPMENT CORP. LIMITED","STATE",600,20,7.9,0,0.63,0.63,0,"Critical","Super Critical","Unloading Constraint"
2009-02-24,"EASTERN","WEST BENGAL","RAIL","SANTALDIH TPS","WEST BENGAL POWER DEVELOPMENT CORP. LIMITED","STATE",980,20,8.2,0,113.67,113.67,14,NA,NA,NA
2009-02-24,"EASTERN","WEST BENGAL","RAIL","BUDGE BUDGE TPS","CALCUTTA ELECTRIC SUPPLY CO. LTD.","PRIVATE",750,20,7.9,0,112.42,112.42,14,NA,NA,NA
2009-02-24,"EASTERN","WEST BENGAL","RAIL","NEW COSSIPORE TPS","CALCUTTA ELECTRIC SUPPLY CO. LTD.","PRIVATE",160,20,1.4,0,19.12,19.12,13,NA,NA,NA
2009-02-24,"EASTERN","WEST BENGAL","RAIL","SOUTHERN REPL. TPS","CALCUTTA ELECTRIC SUPPLY CO. LTD.","PRIVATE",135,25,2.5,0,49.39,49.39,20,NA,NA,NA
2009-02-24,"EASTERN","WEST BENGAL","RAIL","TITAGARH TPS","CALCUTTA ELECTRIC SUPPLY CO. LTD.","PRIVATE",240,20,3.9,0,50.09,50.09,13,NA,NA,NA
2009-02-24,"EASTERN","WEST BENGAL","RAIL","FARAKKA STPS","NTPC LIMITED.","CENTRAL",2100,15,37.5,0,82.43,82.43,2,"Critical","Super Critical","Less Receipt - ECL"
2009-02-25,"NORTHERN","DELHI","RAIL","I.P.  T.P.S.","INDRAPRASTHA  POWER GENERATION COMPANY LIMITED","STATE",247.5,25,3.4,0,44.81,44.81,13,NA,NA,NA
2009-02-25,"NORTHERN","DELHI","RAIL","RAJGHAT TPS","INDRAPRASTHA  POWER GENERATION COMPANY LIMITED","STATE",135,25,2.3,0,99.1,99.1,43,NA,NA,NA
2009-02-25,"NORTHERN","DELHI","RAIL","BADARPUR TPS","NTPC LIMITED.","CENTRAL",705,30,14.8,0,62.34,62.34,4,"Critical",NA,"Less Receipt - CCL"
2009-02-25,"NORTHERN","HARYANA","RAIL","FARIDABAD TPS.","HARYANA POWER  GENERATION CORPORATION LIMITED","STATE",55,25,2.1,0,24.29,24.29,11,NA,NA,NA
2009-02-25,"NORTHERN","HARYANA","RAIL","PANIPAT TPS","HARYANA POWER  GENERATION CORPORATION LIMITED","STATE",1360,25,26.8,0,21.59,21.59,1,"Critical","Super Critical","Less Receipt - CCL"
2009-02-25,"NORTHERN","HARYANA","RAIL","YAMUNA NAGAR TPS","HARYANA POWER  GENERATION CORPORATION LIMITED","STATE",600,25,10.7,0,48.86,48.86,5,"Critical",NA,"Inadequate linkage"
2009-02-25,"NORTHERN","PUNJAB","RAIL","GH TPS (LEH.MOH.)","PUNJAB STATE POWER CORP. LTD.","STATE",920,30,15.5,0,44.58,44.58,3,"Critical","Super Critical","Inadequate linkage"
2009-02-25,"NORTHERN","PUNJAB","RAIL","GND TPS(BHATINDA)","PUNJAB STATE POWER CORP. LTD.","STATE",440,30,7,0,75.93,75.93,11,NA,NA,NA
2009-02-25,"NORTHERN","PUNJAB","RAIL","ROPAR TPS","PUNJAB STATE POWER CORP. LTD.","STATE",1260,30,22.1,0,101.7,101.7,5,"Critical",NA,"Inadequate linkage"
2009-02-25,"NORTHERN","RAJASTHAN","RAIL","KOTA TPS","RAJASTHAN RAJYA VIDYUT UTPADAN NIGAM LIMITED","STATE",1240,30,21.6,13.29,207.08,220.37,10,NA,NA,NA
2009-02-25,"NORTHERN","RAJASTHAN","RAIL","SURATGARH TPS","RAJASTHAN RAJYA VIDYUT UTPADAN NIGAM LIMITED","STATE",1500,30,27,0,145.43,145.43,5,"Critical",NA,"Inadequate linkage"
2009-02-25,"NORTHERN","UTTAR PRADESH","PITHEAD","ANPARA TPS","UTTAR PRADESH RAJYA VIDYUT UTPADAN NIGAM LIMITED","STATE",1630,15,28.6,0,163.17,163.17,6,"Critical",NA,"Inadequate linkage"
2009-02-25,"NORTHERN","UTTAR PRADESH","RAIL","HARDUAGANJ TPS","UTTAR PRADESH RAJYA VIDYUT UTPADAN NIGAM LIMITED","STATE",665,25,3.2,0,17.64,17.64,5,"Critical",NA,"Inadequate linkage"
2009-02-25,"NORTHERN","UTTAR PRADESH","RAIL","OBRA TPS","UTTAR PRADESH RAJYA VIDYUT UTPADAN NIGAM LIMITED","STATE",1278,20,16.1,0,192.83,192.83,12,NA,NA,NA
2009-02-25,"NORTHERN","UTTAR PRADESH","RAIL","PANKI TPS","UTTAR PRADESH RAJYA VIDYUT UTPADAN NIGAM LIMITED","STATE",210,30,4.3,0,15.51,15.51,4,"Critical",NA,"Inadequate linkage"
2009-02-25,"NORTHERN","UTTAR PRADESH","RAIL","PARICHHA TPS","UTTAR PRADESH RAJYA VIDYUT UTPADAN NIGAM LIMITED","STATE",1140,30,12.5,0,32.25,32.25,3,"Critical","Super Critical","Less receipt-CCL"
2009-02-25,"NORTHERN","UTTAR PRADESH","RAIL","DADRI (NCTPP)","NTPC LIMITED.","CENTRAL",1820,30,16.1,0,192.45,192.45,12,NA,NA,NA
2009-02-25,"NORTHERN","UTTAR PRADESH","PITHEAD","RIHAND STPS","NTPC LIMITED.","CENTRAL",3000,15,38.2,0,507.57,507.57,13,NA,NA,NA
2009-02-25,"NORTHERN","UTTAR PRADESH","PITHEAD","SINGRAULI STPS","NTPC LIMITED.","CENTRAL",2000,15,34.3,0,373.16,373.16,11,NA,NA,NA
2009-02-25,"NORTHERN","UTTAR PRADESH","RAIL","TANDA TPS","NTPC LIMITED.","CENTRAL",440,25,8.9,0,151.2,151.2,17,NA,NA,NA
2009-02-25,"NORTHERN","UTTAR PRADESH","RAIL","UNCHAHAR TPS","NTPC LIMITED.","CENTRAL",1050,25,21.4,0,142.35,142.35,7,NA,NA,NA
2009-02-25,"WESTERN","CHHATTISGARH","RAIL","DSPM TPS","CHHATTISGARH STATE POWER GENERATION CO. LTD.","STATE",500,15,9.6,0,99.99,99.99,10,NA,NA,NA
2009-02-25,"WESTERN","CHHATTISGARH","PITHEAD","KORBA-II","CHHATTISGARH STATE POWER GENERATION CO. LTD.","STATE",440,15,8.6,0,71.22,71.22,8,NA,NA,NA
2009-02-25,"WESTERN","CHHATTISGARH","PITHEAD","KORBA-WEST TPS","CHHATTISGARH STATE POWER GENERATION CO. LTD.","STATE",1340,15,13.2,0,278.85,278.85,21,NA,NA,NA
2009-02-25,"WESTERN","CHHATTISGARH","PITHEAD","KORBA STPS","NTPC LIMITED.","CENTRAL",2600,15,34.3,0,451.48,451.48,13,NA,NA,NA
2009-02-25,"WESTERN","CHHATTISGARH","RAIL","SIPAT STPS","NTPC LIMITED.","CENTRAL",2980,20,16.8,0,28.08,28.08,2,"Critical","Super Critical","Less Receipt - SECL"
2009-02-25,"WESTERN","GUJARAT","RAIL","GANDHI NAGAR TPS","GUJARAT STATE ELECTRICITY CORPORATION LIMITED","STATE",870,30,13.6,0.1,28.47,28.57,2,"Critical","Super Critical","Less Receipt - SECL"
2009-02-25,"WESTERN","GUJARAT","RAIL","SIKKA REP. TPS","GUJARAT STATE ELECTRICITY CORPORATION LIMITED","STATE",240,30,4.6,11.74,9.89,21.63,5,"Critical",NA,"Less Receipt - SECL"
2009-02-25,"WESTERN","GUJARAT","RAIL","UKAI TPS","GUJARAT STATE ELECTRICITY CORPORATION LIMITED","STATE",1350,30,13.9,0,86.27,86.27,6,"Critical",NA,"Less Receipt - SECL"
2009-02-25,"WESTERN","GUJARAT","RAIL","WANAKBORI TPS","GUJARAT STATE ELECTRICITY CORPORATION LIMITED","STATE",1470,30,25.7,0,33.31,33.31,1,"Critical","Super Critical","Inadequate linkage"
2009-02-25,"WESTERN","GUJARAT","RAIL","SABARMATI (C STATION)","TORRENT POWER LTD","PRIVATE",400,30,4.6,0,1.87,1.87,0,"Critical","Super Critical","Inadequate linkage"
2009-02-25,"WESTERN","MADHYA PRADESH","PITHEAD","AMAR KANTAK","M. P. POWER GENERATING CORPORATION LIMITED","STATE",490,15,6.3,0,95.51,95.51,15,NA,NA,NA
2009-02-25,"WESTERN","MADHYA PRADESH","RAIL","SANJAY GANDHI TPS","M. P. POWER GENERATING CORPORATION LIMITED","STATE",1340,20,19.6,0,92.36,92.36,5,"Critical",NA,"Inadequate linkage"
2009-02-25,"WESTERN","MADHYA PRADESH","RAIL","SATPURA TPS","M. P. POWER GENERATING CORPORATION LIMITED","STATE",1330,20,22.5,0,53.83,53.83,2,"Critical","Super Critical","Less Receipt - WCL"
2009-02-25,"WESTERN","MADHYA PRADESH","PITHEAD","VINDHYACHAL STPS","NTPC LIMITED.","CENTRAL",4260,15,55.4,0,358.67,358.67,6,"Critical",NA,"Inadequate linkage"
2009-02-25,"WESTERN","MAHARASHTRA","RAIL","BHUSAWAL TPS","MAHARASHTRA STATE POWER GENERATION COMPANY LIMITED","STATE",1420,25,8.4,0,41.74,41.74,5,"Critical",NA,"Inadequate linkage"
2009-02-25,"WESTERN","MAHARASHTRA","RAIL","CHANDRAPUR(MAHARASHTRA) STPS","MAHARASHTRA STATE POWER GENERATION COMPANY LIMITED","STATE",2340,20,38.2,0,60.44,60.44,2,"Critical","Super Critical","Inadequate linkage"
2009-02-25,"WESTERN","MAHARASHTRA","RAIL","KHAPARKHEDA TPS","MAHARASHTRA STATE POWER GENERATION COMPANY LIMITED","STATE",1340,20,15.9,0,80.81,80.81,5,"Critical",NA,"Less Receipt"
2009-02-25,"WESTERN","MAHARASHTRA","RAIL","KORADI TPS","MAHARASHTRA STATE POWER GENERATION COMPANY LIMITED","STATE",1040,25,19.8,0,54.11,54.11,3,"Critical","Super Critical","Less Receipt -SECL"
2009-02-25,"WESTERN","MAHARASHTRA","RAIL","NASIK TPS","MAHARASHTRA STATE POWER GENERATION COMPANY LIMITED","STATE",630,25,15.5,0,30.15,30.15,2,"Critical","Super Critical","Inadequate linkage"
2009-02-25,"WESTERN","MAHARASHTRA","RAIL","PARLI TPS","MAHARASHTRA STATE POWER GENERATION COMPANY LIMITED","STATE",1130,25,16.1,0,104.82,104.82,6,"Critical",NA,"Inadequate linkage"
2009-02-25,"WESTERN","MAHARASHTRA","RAIL","PARAS TPS","MAHARASHTRA STATE POWER GENERATION COMPANY LIMITED","STATE",500,20,6.3,0,22.2,22.2,4,"Critical",NA,"Less Receipt"
2009-02-25,"WESTERN","MAHARASHTRA","RAIL","DAHANU TPS","RELIANCE INFRASTRUCTURE LTD.","PRIVATE",500,25,10.4,44.88,40.34,85.22,8,NA,NA,NA
2009-02-25,"SOUTHERN","ANDHRA PRADESH","RAIL","Dr. N.TATA RAO TPS","ANDHRA PRADESH POWER GENERATION CORP. LIMITED.","STATE",1760,25,22,0,52.61,52.61,2,"Critical","Super Critical","Inadequate linkage"
2009-02-25,"SOUTHERN","ANDHRA PRADESH","RAIL","KOTHAGUDEM TPS","ANDHRA PRADESH POWER GENERATION CORP. LIMITED.","STATE",1720,20,21.4,0,166.15,166.15,8,NA,NA,NA
2009-02-25,"SOUTHERN","ANDHRA PRADESH","ROAD","RAMAGUNDEM - B TPS","ANDHRA PRADESH POWER GENERATION CORP. LIMITED.","STATE",62.5,20,0.9,0,18.64,18.64,21,NA,NA,NA
2009-02-25,"SOUTHERN","ANDHRA PRADESH","RAIL","RAYALASEEMA TPS","ANDHRA PRADESH POWER GENERATION CORP. LIMITED.","STATE",1050,25,16.9,0,17.43,17.43,1,"Critical","Super Critical","Inadequate linkage"
2009-02-25,"SOUTHERN","ANDHRA PRADESH","PITHEAD","RAMAGUNDEM STPS","NTPC LIMITED.","CENTRAL",2600,15,42,0,538.31,538.31,13,NA,NA,NA
2009-02-25,"SOUTHERN","ANDHRA PRADESH","RAIL","SIMHADRI","NTPC LIMITED.","CENTRAL",2000,25,20.7,0,275.91,275.91,13,NA,NA,NA
2009-02-25,"SOUTHERN","KARNATAKA","RAIL","RAICHUR TPS","KARNATAKA POWER CORPORATION LIMITED","STATE",1720,30,31,0,467.96,467.96,15,NA,NA,NA
2009-02-25,"SOUTHERN","TAMIL NADU","INTER MODAL","ENNORE TPS","TAMIL NADU GENERATION & DISTRIBUTION CORP. LTD.","STATE",450,30,8.2,0,45.58,45.58,6,"Critical",NA,"Less Receipt -MCL"
2009-02-25,"SOUTHERN","TAMIL NADU","INTER MODAL","METTUR TPS","TAMIL NADU GENERATION & DISTRIBUTION CORP. LTD.","STATE",1440,30,15.1,36.29,86.72,123.02,8,NA,NA,NA
2009-02-25,"SOUTHERN","TAMIL NADU","INTER MODAL","NORTH CHENNAI TPS","TAMIL NADU GENERATION & DISTRIBUTION CORP. LTD.","STATE",1830,30,11.2,36.07,53.42,89.5,8,NA,NA,NA
2009-02-25,"SOUTHERN","TAMIL NADU","INTER MODAL","TUTICORIN TPS","TAMIL NADU GENERATION & DISTRIBUTION CORP. LTD.","STATE",1050,30,18.7,30.59,103.55,134.13,7,NA,NA,NA
2009-02-25,"EASTERN","BIHAR","RAIL","BARAUNI TPS","BIHAR STATE ELECTRICITY BOARD","STATE",210,20,0.7,0,6.91,6.91,10,NA,NA,NA
2009-02-25,"EASTERN","BIHAR","RAIL","MUZAFFARPUR TPS","KANTI BIJLEE UTPADAN NIGAM LTD.","CENTRAL",220,20,1.1,0,3.8,3.8,4,"Critical",NA,"Less Receipt"
2009-02-25,"EASTERN","BIHAR","PITHEAD","KAHALGAON TPS","NTPC LIMITED.","CENTRAL",2340,15,38.4,0,17.26,17.26,0,"Critical","Super Critical","Less Receipt - ECL"
2009-02-25,"EASTERN","JHARKHAND","RAIL","PATRATU TPS","JHARKHAND STATE ELECTRICITY BOARD","STATE",770,20,5,0,30.5,30.5,6,"Critical",NA,"Less Receipt"
2009-02-25,"EASTERN","JHARKHAND","ROAD","TENUGHAT TPS","TENUGHAT VIDYUT NIGAM LIMITED","STATE",420,20,6.1,0,0,0,0,"Critical","Super Critical","Inadequate linkage"
2009-02-25,"EASTERN","JHARKHAND","RAIL","BOKARO `B` TPS","DAMODAR VALLEY CORPORATION","CENTRAL",630,20,9.5,0,158.65,158.65,17,NA,NA,NA
2009-02-25,"EASTERN","JHARKHAND","RAIL","CHANDRAPURA(DVC) TPS","DAMODAR VALLEY CORPORATION","CENTRAL",890,20,6.3,0,126.1,126.1,20,NA,NA,NA
2009-02-25,"EASTERN","ORISSA","PITHEAD","IB VALLEY TPS","ORISSA POWER GENERATION CORPORATION LIMITED","STATE",420,15,9.5,0,180.45,180.45,19,NA,NA,NA
2009-02-25,"EASTERN","ORISSA","PITHEAD","TALCHER (OLD) TPS","NTPC LIMITED.","CENTRAL",470,15,8.9,0,70.18,70.18,8,NA,NA,NA
2009-02-25,"EASTERN","ORISSA","PITHEAD","TALCHER STPS","NTPC LIMITED.","CENTRAL",3000,15,64.3,0,160.36,160.36,2,"Critical","Super Critical","Inadequate linkage"
2009-02-25,"EASTERN","WEST BENGAL","RAIL","DURGAPUR TPS","DAMODAR VALLEY CORPORATION","CENTRAL",340,20,5.7,0,175.81,175.81,31,NA,NA,NA
2009-02-25,"EASTERN","WEST BENGAL","RAIL","MEJIA TPS","DAMODAR VALLEY CORPORATION","CENTRAL",2340,20,24.3,0,0,0,0,"Critical","Super Critical","Unloading Constraint"
2009-02-25,"EASTERN","WEST BENGAL","RAIL","BAKRESWAR TPS","WEST BENGAL POWER DEVELOPMENT CORP. LIMITED","STATE",1050,25,12.5,0,259.58,259.58,21,NA,NA,NA
2009-02-25,"EASTERN","WEST BENGAL","RAIL","BANDEL TPS","WEST BENGAL POWER DEVELOPMENT CORP. LIMITED","STATE",450,20,5.7,0,0,0,0,"Critical","Super Critical","Inadequate linkage"
2009-02-25,"EASTERN","WEST BENGAL","RAIL","D.P.L. TPS","DURGAPUR PROJECTS LIMITED","STATE",630,20,10.7,0,43.29,43.29,4,"Critical",NA,"Less receipt - EMTA"
2009-02-25,"EASTERN","WEST BENGAL","RAIL","KOLAGHAT TPS","WEST BENGAL POWER DEVELOPMENT CORP. LIMITED","STATE",1260,25,21.3,0,249.93,249.93,12,NA,NA,NA
2009-02-25,"EASTERN","WEST BENGAL","RAIL","SAGARDIGHI TPS","WEST BENGAL POWER DEVELOPMENT CORP. LIMITED","STATE",600,20,7.9,0,2.43,2.43,0,"Critical","Super Critical","Unloading Constraint"
2009-02-25,"EASTERN","WEST BENGAL","RAIL","SANTALDIH TPS","WEST BENGAL POWER DEVELOPMENT CORP. LIMITED","STATE",980,20,8.2,0,114.82,114.82,14,NA,NA,NA
2009-02-25,"EASTERN","WEST BENGAL","RAIL","BUDGE BUDGE TPS","CALCUTTA ELECTRIC SUPPLY CO. LTD.","PRIVATE",750,20,7.9,0,113.24,113.24,14,NA,NA,NA
2009-02-25,"EASTERN","WEST BENGAL","RAIL","NEW COSSIPORE TPS","CALCUTTA ELECTRIC SUPPLY CO. LTD.","PRIVATE",160,20,1.4,0,21.1,21.1,15,NA,NA,NA
2009-02-25,"EASTERN","WEST BENGAL","RAIL","SOUTHERN REPL. TPS","CALCUTTA ELECTRIC SUPPLY CO. LTD.","PRIVATE",135,25,2.5,0,47,47,19,NA,NA,NA
2009-02-25,"EASTERN","WEST BENGAL","RAIL","TITAGARH TPS","CALCUTTA ELECTRIC SUPPLY CO. LTD.","PRIVATE",240,20,3.9,0,46.19,46.19,12,NA,NA,NA
2009-02-25,"EASTERN","WEST BENGAL","RAIL","FARAKKA STPS","NTPC LIMITED.","CENTRAL",2100,15,37.5,0,80.43,80.43,2,"Critical","Super Critical","Less Receipt - ECL"
2009-02-26,"NORTHERN","DELHI","RAIL","I.P.  T.P.S.","INDRAPRASTHA  POWER GENERATION COMPANY LIMITED","STATE",247.5,25,3.4,0,46.08,46.08,14,NA,NA,NA
2009-02-26,"NORTHERN","DELHI","RAIL","RAJGHAT TPS","INDRAPRASTHA  POWER GENERATION COMPANY LIMITED","STATE",135,25,2.3,0,99.93,99.93,43,NA,NA,NA
2009-02-26,"NORTHERN","DELHI","RAIL","BADARPUR TPS","NTPC LIMITED.","CENTRAL",705,30,14.8,0,61.18,61.18,4,"Critical",NA,NA
2009-02-26,"NORTHERN","HARYANA","RAIL","FARIDABAD TPS.","HARYANA POWER  GENERATION CORPORATION LIMITED","STATE",55,25,2.1,0,24.29,24.29,11,NA,NA,NA
2009-02-26,"NORTHERN","HARYANA","RAIL","PANIPAT TPS","HARYANA POWER  GENERATION CORPORATION LIMITED","STATE",1360,25,26.8,0,14.43,14.43,1,"Critical","Super Critical",NA
2009-02-26,"NORTHERN","HARYANA","RAIL","YAMUNA NAGAR TPS","HARYANA POWER  GENERATION CORPORATION LIMITED","STATE",600,25,10.7,0,43.87,43.87,4,"Critical",NA,NA
2009-02-26,"NORTHERN","PUNJAB","RAIL","GH TPS (LEH.MOH.)","PUNJAB STATE POWER CORP. LTD.","STATE",920,30,15.5,0,45.93,45.93,3,"Critical","Super Critical",NA
2009-02-26,"NORTHERN","PUNJAB","RAIL","GND TPS(BHATINDA)","PUNJAB STATE POWER CORP. LTD.","STATE",440,30,7,0,80.5,80.5,12,NA,NA,NA
2009-02-26,"NORTHERN","PUNJAB","RAIL","ROPAR TPS","PUNJAB STATE POWER CORP. LTD.","STATE",1260,30,22.1,0,102.45,102.45,5,"Critical",NA,NA
2009-02-26,"NORTHERN","RAJASTHAN","RAIL","KOTA TPS","RAJASTHAN RAJYA VIDYUT UTPADAN NIGAM LIMITED","STATE",1240,30,21.6,11.51,201.99,213.5,10,NA,NA,NA
2009-02-26,"NORTHERN","RAJASTHAN","RAIL","SURATGARH TPS","RAJASTHAN RAJYA VIDYUT UTPADAN NIGAM LIMITED","STATE",1500,30,27,0,131.71,131.71,5,"Critical",NA,NA
2009-02-26,"NORTHERN","UTTAR PRADESH","PITHEAD","ANPARA TPS","UTTAR PRADESH RAJYA VIDYUT UTPADAN NIGAM LIMITED","STATE",1630,15,28.6,0,158.04,158.04,6,"Critical",NA,NA
2009-02-26,"NORTHERN","UTTAR PRADESH","RAIL","HARDUAGANJ TPS","UTTAR PRADESH RAJYA VIDYUT UTPADAN NIGAM LIMITED","STATE",665,25,3.2,0,17.28,17.28,5,"Critical",NA,NA
2009-02-26,"NORTHERN","UTTAR PRADESH","RAIL","OBRA TPS","UTTAR PRADESH RAJYA VIDYUT UTPADAN NIGAM LIMITED","STATE",1278,20,16.1,0,198.54,198.54,12,NA,NA,NA
2009-02-26,"NORTHERN","UTTAR PRADESH","RAIL","PANKI TPS","UTTAR PRADESH RAJYA VIDYUT UTPADAN NIGAM LIMITED","STATE",210,30,4.3,0,18.03,18.03,4,"Critical",NA,NA
2009-02-26,"NORTHERN","UTTAR PRADESH","RAIL","PARICHHA TPS","UTTAR PRADESH RAJYA VIDYUT UTPADAN NIGAM LIMITED","STATE",1140,30,12.5,0,35.16,35.16,3,"Critical","Super Critical",NA
2009-02-26,"NORTHERN","UTTAR PRADESH","RAIL","DADRI (NCTPP)","NTPC LIMITED.","CENTRAL",1820,30,16.1,0,191.03,191.03,12,NA,NA,NA
2009-02-26,"NORTHERN","UTTAR PRADESH","PITHEAD","RIHAND STPS","NTPC LIMITED.","CENTRAL",3000,15,38.2,0,510.14,510.14,13,NA,NA,NA
2009-02-26,"NORTHERN","UTTAR PRADESH","PITHEAD","SINGRAULI STPS","NTPC LIMITED.","CENTRAL",2000,15,34.3,0,383.24,383.24,11,NA,NA,NA
2009-02-26,"NORTHERN","UTTAR PRADESH","RAIL","TANDA TPS","NTPC LIMITED.","CENTRAL",440,25,8.9,0,154.61,154.61,17,NA,NA,NA
2009-02-26,"NORTHERN","UTTAR PRADESH","RAIL","UNCHAHAR TPS","NTPC LIMITED.","CENTRAL",1050,25,21.4,0,144.13,144.13,7,NA,NA,NA
2009-02-26,"WESTERN","CHHATTISGARH","RAIL","DSPM TPS","CHHATTISGARH STATE POWER GENERATION CO. LTD.","STATE",500,15,9.6,0,99.03,99.03,10,NA,NA,NA
2009-02-26,"WESTERN","CHHATTISGARH","PITHEAD","KORBA-II","CHHATTISGARH STATE POWER GENERATION CO. LTD.","STATE",440,15,8.6,0,70.36,70.36,8,NA,NA,NA
2009-02-26,"WESTERN","CHHATTISGARH","PITHEAD","KORBA-WEST TPS","CHHATTISGARH STATE POWER GENERATION CO. LTD.","STATE",1340,15,13.2,0,273.73,273.73,21,NA,NA,NA
2009-02-26,"WESTERN","CHHATTISGARH","PITHEAD","KORBA STPS","NTPC LIMITED.","CENTRAL",2600,15,34.3,0,450.08,450.08,13,NA,NA,NA
2009-02-26,"WESTERN","CHHATTISGARH","RAIL","SIPAT STPS","NTPC LIMITED.","CENTRAL",2980,20,16.8,0,30.53,30.53,2,"Critical","Super Critical",NA
2009-02-26,"WESTERN","GUJARAT","RAIL","GANDHI NAGAR TPS","GUJARAT STATE ELECTRICITY CORPORATION LIMITED","STATE",870,30,13.6,0.1,26.26,26.36,2,"Critical","Super Critical",NA
2009-02-26,"WESTERN","GUJARAT","RAIL","SIKKA REP. TPS","GUJARAT STATE ELECTRICITY CORPORATION LIMITED","STATE",240,30,4.6,10.09,11.42,21.51,5,"Critical",NA,NA
2009-02-26,"WESTERN","GUJARAT","RAIL","UKAI TPS","GUJARAT STATE ELECTRICITY CORPORATION LIMITED","STATE",1350,30,13.9,0,87.85,87.85,6,"Critical",NA,NA
2009-02-26,"WESTERN","GUJARAT","RAIL","WANAKBORI TPS","GUJARAT STATE ELECTRICITY CORPORATION LIMITED","STATE",1470,30,25.7,0,29.26,29.26,1,"Critical","Super Critical",NA
2009-02-26,"WESTERN","GUJARAT","RAIL","SABARMATI (C STATION)","TORRENT POWER LTD","PRIVATE",400,30,4.6,0,0.41,0.41,0,"Critical","Super Critical",NA
2009-02-26,"WESTERN","MADHYA PRADESH","PITHEAD","AMAR KANTAK","M. P. POWER GENERATING CORPORATION LIMITED","STATE",490,15,6.3,0,95.52,95.52,15,NA,NA,NA
2009-02-26,"WESTERN","MADHYA PRADESH","RAIL","SANJAY GANDHI TPS","M. P. POWER GENERATING CORPORATION LIMITED","STATE",1340,20,19.6,0,92,92,5,"Critical",NA,NA
2009-02-26,"WESTERN","MADHYA PRADESH","RAIL","SATPURA TPS","M. P. POWER GENERATING CORPORATION LIMITED","STATE",1330,20,22.5,0,58.68,58.68,3,"Critical","Super Critical",NA
2009-02-26,"WESTERN","MADHYA PRADESH","PITHEAD","VINDHYACHAL STPS","NTPC LIMITED.","CENTRAL",4260,15,55.4,0,369.26,369.26,7,NA,NA,NA
2009-02-26,"WESTERN","MAHARASHTRA","RAIL","BHUSAWAL TPS","MAHARASHTRA STATE POWER GENERATION COMPANY LIMITED","STATE",1420,25,8.4,0,43.5,43.5,5,"Critical",NA,NA
2009-02-26,"WESTERN","MAHARASHTRA","RAIL","CHANDRAPUR(MAHARASHTRA) STPS","MAHARASHTRA STATE POWER GENERATION COMPANY LIMITED","STATE",2340,20,38.2,0,58.79,58.79,2,"Critical","Super Critical",NA
2009-02-26,"WESTERN","MAHARASHTRA","RAIL","KHAPARKHEDA TPS","MAHARASHTRA STATE POWER GENERATION COMPANY LIMITED","STATE",1340,20,15.9,0,81.75,81.75,5,"Critical",NA,NA
2009-02-26,"WESTERN","MAHARASHTRA","RAIL","KORADI TPS","MAHARASHTRA STATE POWER GENERATION COMPANY LIMITED","STATE",1040,25,19.8,0,50.85,50.85,3,"Critical","Super Critical",NA
2009-02-26,"WESTERN","MAHARASHTRA","RAIL","NASIK TPS","MAHARASHTRA STATE POWER GENERATION COMPANY LIMITED","STATE",630,25,15.5,0,21.56,21.56,1,"Critical","Super Critical",NA
2009-02-26,"WESTERN","MAHARASHTRA","RAIL","PARLI TPS","MAHARASHTRA STATE POWER GENERATION COMPANY LIMITED","STATE",1130,25,16.1,0,97.65,97.65,6,"Critical",NA,NA
2009-02-26,"WESTERN","MAHARASHTRA","RAIL","PARAS TPS","MAHARASHTRA STATE POWER GENERATION COMPANY LIMITED","STATE",500,20,6.3,0,25.75,25.75,4,"Critical",NA,NA
2009-02-26,"WESTERN","MAHARASHTRA","RAIL","DAHANU TPS","RELIANCE INFRASTRUCTURE LTD.","PRIVATE",500,25,10.4,42.37,43.09,85.47,8,NA,NA,NA
2009-02-26,"SOUTHERN","ANDHRA PRADESH","RAIL","Dr. N.TATA RAO TPS","ANDHRA PRADESH POWER GENERATION CORP. LIMITED.","STATE",1760,25,22,0,65.97,65.97,3,"Critical","Super Critical",NA
2009-02-26,"SOUTHERN","ANDHRA PRADESH","RAIL","KOTHAGUDEM TPS","ANDHRA PRADESH POWER GENERATION CORP. LIMITED.","STATE",1720,20,21.4,0,166.4,166.4,8,NA,NA,NA
2009-02-26,"SOUTHERN","ANDHRA PRADESH","ROAD","RAMAGUNDEM - B TPS","ANDHRA PRADESH POWER GENERATION CORP. LIMITED.","STATE",62.5,20,0.9,0,19.01,19.01,21,NA,NA,NA
2009-02-26,"SOUTHERN","ANDHRA PRADESH","RAIL","RAYALASEEMA TPS","ANDHRA PRADESH POWER GENERATION CORP. LIMITED.","STATE",1050,25,16.9,0,24.31,24.31,1,"Critical","Super Critical",NA
2009-02-26,"SOUTHERN","ANDHRA PRADESH","PITHEAD","RAMAGUNDEM STPS","NTPC LIMITED.","CENTRAL",2600,15,42,0,549.33,549.33,13,NA,NA,NA
2009-02-26,"SOUTHERN","ANDHRA PRADESH","RAIL","SIMHADRI","NTPC LIMITED.","CENTRAL",2000,25,20.7,0,270.91,270.91,13,NA,NA,NA
2009-02-26,"SOUTHERN","KARNATAKA","RAIL","RAICHUR TPS","KARNATAKA POWER CORPORATION LIMITED","STATE",1720,30,31,0,466.71,466.71,15,NA,NA,NA
2009-02-26,"SOUTHERN","TAMIL NADU","INTER MODAL","ENNORE TPS","TAMIL NADU GENERATION & DISTRIBUTION CORP. LTD.","STATE",450,30,8.2,0,44.91,44.91,5,"Critical",NA,NA
2009-02-26,"SOUTHERN","TAMIL NADU","INTER MODAL","METTUR TPS","TAMIL NADU GENERATION & DISTRIBUTION CORP. LTD.","STATE",1440,30,15.1,44.39,79.21,123.6,8,NA,NA,NA
2009-02-26,"SOUTHERN","TAMIL NADU","INTER MODAL","NORTH CHENNAI TPS","TAMIL NADU GENERATION & DISTRIBUTION CORP. LTD.","STATE",1830,30,11.2,34.74,45.58,80.32,7,NA,NA,NA
2009-02-26,"SOUTHERN","TAMIL NADU","INTER MODAL","TUTICORIN TPS","TAMIL NADU GENERATION & DISTRIBUTION CORP. LTD.","STATE",1050,30,18.7,25.84,104.11,129.95,7,NA,NA,NA
2009-02-26,"EASTERN","BIHAR","RAIL","BARAUNI TPS","BIHAR STATE ELECTRICITY BOARD","STATE",210,20,0.7,0,5.1,5.1,7,NA,NA,NA
2009-02-26,"EASTERN","BIHAR","RAIL","MUZAFFARPUR TPS","KANTI BIJLEE UTPADAN NIGAM LTD.","CENTRAL",220,20,1.1,0,1.91,1.91,2,"Critical","Super Critical",NA
2009-02-26,"EASTERN","BIHAR","PITHEAD","KAHALGAON TPS","NTPC LIMITED.","CENTRAL",2340,15,38.4,0,7.26,7.26,0,"Critical","Super Critical",NA
2009-02-26,"EASTERN","JHARKHAND","RAIL","PATRATU TPS","JHARKHAND STATE ELECTRICITY BOARD","STATE",770,20,5,0,27.39,27.39,5,"Critical",NA,NA
2009-02-26,"EASTERN","JHARKHAND","ROAD","TENUGHAT TPS","TENUGHAT VIDYUT NIGAM LIMITED","STATE",420,20,6.1,0,0,0,0,"Critical","Super Critical",NA
2009-02-26,"EASTERN","JHARKHAND","RAIL","BOKARO `B` TPS","DAMODAR VALLEY CORPORATION","CENTRAL",630,20,9.5,0,158.91,158.91,17,NA,NA,NA
2009-02-26,"EASTERN","JHARKHAND","RAIL","CHANDRAPURA(DVC) TPS","DAMODAR VALLEY CORPORATION","CENTRAL",890,20,6.3,0,128.33,128.33,21,NA,NA,NA
2009-02-26,"EASTERN","ORISSA","PITHEAD","IB VALLEY TPS","ORISSA POWER GENERATION CORPORATION LIMITED","STATE",420,15,9.5,0,185.01,185.01,20,NA,NA,NA
2009-02-26,"EASTERN","ORISSA","PITHEAD","TALCHER (OLD) TPS","NTPC LIMITED.","CENTRAL",470,15,8.9,0,69.54,69.54,8,NA,NA,NA
2009-02-26,"EASTERN","ORISSA","PITHEAD","TALCHER STPS","NTPC LIMITED.","CENTRAL",3000,15,64.3,0,167.09,167.09,3,"Critical","Super Critical",NA
2009-02-26,"EASTERN","WEST BENGAL","RAIL","DURGAPUR TPS","DAMODAR VALLEY CORPORATION","CENTRAL",340,20,5.7,0,174.57,174.57,31,NA,NA,NA
2009-02-26,"EASTERN","WEST BENGAL","RAIL","MEJIA TPS","DAMODAR VALLEY CORPORATION","CENTRAL",2340,20,24.3,0,0,0,0,"Critical","Super Critical",NA
2009-02-26,"EASTERN","WEST BENGAL","RAIL","BAKRESWAR TPS","WEST BENGAL POWER DEVELOPMENT CORP. LIMITED","STATE",1050,25,12.5,0,261.26,261.26,21,NA,NA,NA
2009-02-26,"EASTERN","WEST BENGAL","RAIL","BANDEL TPS","WEST BENGAL POWER DEVELOPMENT CORP. LIMITED","STATE",450,20,5.7,0,1.89,1.89,0,"Critical","Super Critical",NA
2009-02-26,"EASTERN","WEST BENGAL","RAIL","D.P.L. TPS","DURGAPUR PROJECTS LIMITED","STATE",630,20,10.7,0,44.93,44.93,4,"Critical",NA,NA
2009-02-26,"EASTERN","WEST BENGAL","RAIL","KOLAGHAT TPS","WEST BENGAL POWER DEVELOPMENT CORP. LIMITED","STATE",1260,25,21.3,0,248.68,248.68,12,NA,NA,NA
2009-02-26,"EASTERN","WEST BENGAL","RAIL","SAGARDIGHI TPS","WEST BENGAL POWER DEVELOPMENT CORP. LIMITED","STATE",600,20,7.9,0,3.21,3.21,0,"Critical","Super Critical",NA
2009-02-26,"EASTERN","WEST BENGAL","RAIL","SANTALDIH TPS","WEST BENGAL POWER DEVELOPMENT CORP. LIMITED","STATE",980,20,8.2,0,111.77,111.77,14,NA,NA,NA
2009-02-26,"EASTERN","WEST BENGAL","RAIL","BUDGE BUDGE TPS","CALCUTTA ELECTRIC SUPPLY CO. LTD.","PRIVATE",750,20,7.9,0,113.8,113.8,14,NA,NA,NA
2009-02-26,"EASTERN","WEST BENGAL","RAIL","NEW COSSIPORE TPS","CALCUTTA ELECTRIC SUPPLY CO. LTD.","PRIVATE",160,20,1.4,0,23.3,23.3,16,NA,NA,NA
2009-02-26,"EASTERN","WEST BENGAL","RAIL","SOUTHERN REPL. TPS","CALCUTTA ELECTRIC SUPPLY CO. LTD.","PRIVATE",135,25,2.5,0,48.34,48.34,19,NA,NA,NA
2009-02-26,"EASTERN","WEST BENGAL","RAIL","TITAGARH TPS","CALCUTTA ELECTRIC SUPPLY CO. LTD.","PRIVATE",240,20,3.9,0,46.16,46.16,12,NA,NA,NA
2009-02-26,"EASTERN","WEST BENGAL","RAIL","FARAKKA STPS","NTPC LIMITED.","CENTRAL",2100,15,37.5,0,80.43,80.43,2,"Critical","Super Critical",NA
2009-02-27,"NORTHERN","DELHI","RAIL","I.P.  T.P.S.","INDRAPRASTHA  POWER GENERATION COMPANY LIMITED","STATE",247.5,25,3.4,0,45.89,45.89,14,NA,NA,NA
2009-02-27,"NORTHERN","DELHI","RAIL","RAJGHAT TPS","INDRAPRASTHA  POWER GENERATION COMPANY LIMITED","STATE",135,25,2.3,0,102.33,102.33,44,NA,NA,NA
2009-02-27,"NORTHERN","DELHI","RAIL","BADARPUR TPS","NTPC LIMITED.","CENTRAL",705,30,14.8,0,48.81,48.81,3,"Critical","Super Critical",NA
2009-02-27,"NORTHERN","HARYANA","RAIL","FARIDABAD TPS.","HARYANA POWER  GENERATION CORPORATION LIMITED","STATE",55,25,2.1,0,24.29,24.29,11,NA,NA,NA
2009-02-27,"NORTHERN","HARYANA","RAIL","PANIPAT TPS","HARYANA POWER  GENERATION CORPORATION LIMITED","STATE",1360,25,26.8,0,14.43,14.43,1,"Critical","Super Critical",NA
2009-02-27,"NORTHERN","HARYANA","RAIL","YAMUNA NAGAR TPS","HARYANA POWER  GENERATION CORPORATION LIMITED","STATE",600,25,10.7,0,34.94,34.94,3,"Critical","Super Critical",NA
2009-02-27,"NORTHERN","PUNJAB","RAIL","GH TPS (LEH.MOH.)","PUNJAB STATE POWER CORP. LTD.","STATE",920,30,15.5,0,47.57,47.57,3,"Critical","Super Critical",NA
2009-02-27,"NORTHERN","PUNJAB","RAIL","GND TPS(BHATINDA)","PUNJAB STATE POWER CORP. LTD.","STATE",440,30,7,0,86.97,86.97,12,NA,NA,NA
2009-02-27,"NORTHERN","PUNJAB","RAIL","ROPAR TPS","PUNJAB STATE POWER CORP. LTD.","STATE",1260,30,22.1,0,104.33,104.33,5,"Critical",NA,NA
2009-02-27,"NORTHERN","RAJASTHAN","RAIL","KOTA TPS","RAJASTHAN RAJYA VIDYUT UTPADAN NIGAM LIMITED","STATE",1240,30,21.6,8.86,195.33,204.2,9,NA,NA,NA
2009-02-27,"NORTHERN","RAJASTHAN","RAIL","SURATGARH TPS","RAJASTHAN RAJYA VIDYUT UTPADAN NIGAM LIMITED","STATE",1500,30,27,0,121.75,121.75,5,"Critical",NA,NA
2009-02-27,"NORTHERN","UTTAR PRADESH","PITHEAD","ANPARA TPS","UTTAR PRADESH RAJYA VIDYUT UTPADAN NIGAM LIMITED","STATE",1630,15,28.6,0,161.17,161.17,6,"Critical",NA,NA
2009-02-27,"NORTHERN","UTTAR PRADESH","RAIL","HARDUAGANJ TPS","UTTAR PRADESH RAJYA VIDYUT UTPADAN NIGAM LIMITED","STATE",665,25,3.2,0,15.04,15.04,5,"Critical",NA,NA
2009-02-27,"NORTHERN","UTTAR PRADESH","RAIL","OBRA TPS","UTTAR PRADESH RAJYA VIDYUT UTPADAN NIGAM LIMITED","STATE",1278,20,16.1,0,206.04,206.04,13,NA,NA,NA
2009-02-27,"NORTHERN","UTTAR PRADESH","RAIL","PANKI TPS","UTTAR PRADESH RAJYA VIDYUT UTPADAN NIGAM LIMITED","STATE",210,30,4.3,0,13.96,13.96,3,"Critical","Super Critical",NA
2009-02-27,"NORTHERN","UTTAR PRADESH","RAIL","PARICHHA TPS","UTTAR PRADESH RAJYA VIDYUT UTPADAN NIGAM LIMITED","STATE",1140,30,12.5,0,37.06,37.06,3,"Critical","Super Critical",NA
2009-02-27,"NORTHERN","UTTAR PRADESH","RAIL","DADRI (NCTPP)","NTPC LIMITED.","CENTRAL",1820,30,16.1,0,200.31,200.31,12,NA,NA,NA
2009-02-27,"NORTHERN","UTTAR PRADESH","PITHEAD","RIHAND STPS","NTPC LIMITED.","CENTRAL",3000,15,38.2,0,515.96,515.96,14,NA,NA,NA
2009-02-27,"NORTHERN","UTTAR PRADESH","PITHEAD","SINGRAULI STPS","NTPC LIMITED.","CENTRAL",2000,15,34.3,0,392.59,392.59,11,NA,NA,NA
2009-02-27,"NORTHERN","UTTAR PRADESH","RAIL","TANDA TPS","NTPC LIMITED.","CENTRAL",440,25,8.9,0,150.45,150.45,17,NA,NA,NA
2009-02-27,"NORTHERN","UTTAR PRADESH","RAIL","UNCHAHAR TPS","NTPC LIMITED.","CENTRAL",1050,25,21.4,0,149.93,149.93,7,NA,NA,NA
2009-02-27,"WESTERN","CHHATTISGARH","RAIL","DSPM TPS","CHHATTISGARH STATE POWER GENERATION CO. LTD.","STATE",500,15,9.6,0,98.12,98.12,10,NA,NA,NA
2009-02-27,"WESTERN","CHHATTISGARH","PITHEAD","KORBA-II","CHHATTISGARH STATE POWER GENERATION CO. LTD.","STATE",440,15,8.6,0,68.76,68.76,8,NA,NA,NA
2009-02-27,"WESTERN","CHHATTISGARH","PITHEAD","KORBA-WEST TPS","CHHATTISGARH STATE POWER GENERATION CO. LTD.","STATE",1340,15,13.2,0,271.09,271.09,21,NA,NA,NA
2009-02-27,"WESTERN","CHHATTISGARH","PITHEAD","KORBA STPS","NTPC LIMITED.","CENTRAL",2600,15,34.3,0,443.79,443.79,13,NA,NA,NA
2009-02-27,"WESTERN","CHHATTISGARH","RAIL","SIPAT STPS","NTPC LIMITED.","CENTRAL",2980,20,16.8,0,29.67,29.67,2,"Critical","Super Critical",NA
2009-02-27,"WESTERN","GUJARAT","RAIL","GANDHI NAGAR TPS","GUJARAT STATE ELECTRICITY CORPORATION LIMITED","STATE",870,30,13.6,0.1,36.4,36.5,3,"Critical","Super Critical",NA
2009-02-27,"WESTERN","GUJARAT","RAIL","SIKKA REP. TPS","GUJARAT STATE ELECTRICITY CORPORATION LIMITED","STATE",240,30,4.6,8.46,8.97,17.43,4,"Critical",NA,NA
2009-02-27,"WESTERN","GUJARAT","RAIL","UKAI TPS","GUJARAT STATE ELECTRICITY CORPORATION LIMITED","STATE",1350,30,13.9,0,86.35,86.35,6,"Critical",NA,NA
2009-02-27,"WESTERN","GUJARAT","RAIL","WANAKBORI TPS","GUJARAT STATE ELECTRICITY CORPORATION LIMITED","STATE",1470,30,25.7,0,35.04,35.04,1,"Critical","Super Critical",NA
2009-02-27,"WESTERN","GUJARAT","RAIL","SABARMATI (C STATION)","TORRENT POWER LTD","PRIVATE",400,30,4.6,0,5.86,5.86,1,"Critical","Super Critical",NA
2009-02-27,"WESTERN","MADHYA PRADESH","PITHEAD","AMAR KANTAK","M. P. POWER GENERATING CORPORATION LIMITED","STATE",490,15,6.3,0,95.51,95.51,15,NA,NA,NA
2009-02-27,"WESTERN","MADHYA PRADESH","RAIL","SANJAY GANDHI TPS","M. P. POWER GENERATING CORPORATION LIMITED","STATE",1340,20,19.6,0,95.24,95.24,5,"Critical",NA,NA
2009-02-27,"WESTERN","MADHYA PRADESH","RAIL","SATPURA TPS","M. P. POWER GENERATING CORPORATION LIMITED","STATE",1330,20,22.5,0,60.48,60.48,3,"Critical","Super Critical",NA
2009-02-27,"WESTERN","MADHYA PRADESH","PITHEAD","VINDHYACHAL STPS","NTPC LIMITED.","CENTRAL",4260,15,55.4,0,384.93,384.93,7,NA,NA,NA
2009-02-27,"WESTERN","MAHARASHTRA","RAIL","BHUSAWAL TPS","MAHARASHTRA STATE POWER GENERATION COMPANY LIMITED","STATE",1420,25,8.4,0,45.6,45.6,5,"Critical",NA,NA
2009-02-27,"WESTERN","MAHARASHTRA","RAIL","CHANDRAPUR(MAHARASHTRA) STPS","MAHARASHTRA STATE POWER GENERATION COMPANY LIMITED","STATE",2340,20,38.2,0,58.52,58.52,2,"Critical","Super Critical",NA
2009-02-27,"WESTERN","MAHARASHTRA","RAIL","KHAPARKHEDA TPS","MAHARASHTRA STATE POWER GENERATION COMPANY LIMITED","STATE",1340,20,15.9,0,82.41,82.41,5,"Critical",NA,NA
2009-02-27,"WESTERN","MAHARASHTRA","RAIL","KORADI TPS","MAHARASHTRA STATE POWER GENERATION COMPANY LIMITED","STATE",1040,25,19.8,0,50.22,50.22,3,"Critical","Super Critical",NA
2009-02-27,"WESTERN","MAHARASHTRA","RAIL","NASIK TPS","MAHARASHTRA STATE POWER GENERATION COMPANY LIMITED","STATE",630,25,15.5,0,15.61,15.61,1,"Critical","Super Critical",NA
2009-02-27,"WESTERN","MAHARASHTRA","RAIL","PARLI TPS","MAHARASHTRA STATE POWER GENERATION COMPANY LIMITED","STATE",1130,25,16.1,0,96.62,96.62,6,"Critical",NA,NA
2009-02-27,"WESTERN","MAHARASHTRA","RAIL","PARAS TPS","MAHARASHTRA STATE POWER GENERATION COMPANY LIMITED","STATE",500,20,6.3,0,27,27,4,"Critical",NA,NA
2009-02-27,"WESTERN","MAHARASHTRA","RAIL","DAHANU TPS","RELIANCE INFRASTRUCTURE LTD.","PRIVATE",500,25,10.4,39.8,42.08,81.88,8,NA,NA,NA
2009-02-27,"SOUTHERN","ANDHRA PRADESH","RAIL","Dr. N.TATA RAO TPS","ANDHRA PRADESH POWER GENERATION CORP. LIMITED.","STATE",1760,25,22,0,70.97,70.97,3,"Critical","Super Critical",NA
2009-02-27,"SOUTHERN","ANDHRA PRADESH","RAIL","KOTHAGUDEM TPS","ANDHRA PRADESH POWER GENERATION CORP. LIMITED.","STATE",1720,20,21.4,0,160.86,160.86,8,NA,NA,NA
2009-02-27,"SOUTHERN","ANDHRA PRADESH","ROAD","RAMAGUNDEM - B TPS","ANDHRA PRADESH POWER GENERATION CORP. LIMITED.","STATE",62.5,20,0.9,0,19.4,19.4,22,NA,NA,NA
2009-02-27,"SOUTHERN","ANDHRA PRADESH","RAIL","RAYALASEEMA TPS","ANDHRA PRADESH POWER GENERATION CORP. LIMITED.","STATE",1050,25,16.9,0,26.76,26.76,2,"Critical","Super Critical",NA
2009-02-27,"SOUTHERN","ANDHRA PRADESH","PITHEAD","RAMAGUNDEM STPS","NTPC LIMITED.","CENTRAL",2600,15,42,0,556.98,556.98,13,NA,NA,NA
2009-02-27,"SOUTHERN","ANDHRA PRADESH","RAIL","SIMHADRI","NTPC LIMITED.","CENTRAL",2000,25,20.7,0,270.91,270.91,13,NA,NA,NA
2009-02-27,"SOUTHERN","KARNATAKA","RAIL","RAICHUR TPS","KARNATAKA POWER CORPORATION LIMITED","STATE",1720,30,31,0,469.77,469.77,15,NA,NA,NA
2009-02-27,"SOUTHERN","TAMIL NADU","INTER MODAL","ENNORE TPS","TAMIL NADU GENERATION & DISTRIBUTION CORP. LTD.","STATE",450,30,8.2,0,45.03,45.03,5,"Critical",NA,NA
2009-02-27,"SOUTHERN","TAMIL NADU","INTER MODAL","METTUR TPS","TAMIL NADU GENERATION & DISTRIBUTION CORP. LTD.","STATE",1440,30,15.1,53.82,77.6,131.42,9,NA,NA,NA
2009-02-27,"SOUTHERN","TAMIL NADU","INTER MODAL","NORTH CHENNAI TPS","TAMIL NADU GENERATION & DISTRIBUTION CORP. LTD.","STATE",1830,30,11.2,33.41,46.31,79.71,7,NA,NA,NA
2009-02-27,"SOUTHERN","TAMIL NADU","INTER MODAL","TUTICORIN TPS","TAMIL NADU GENERATION & DISTRIBUTION CORP. LTD.","STATE",1050,30,18.7,22.33,119,141.33,8,NA,NA,NA
2009-02-27,"EASTERN","BIHAR","RAIL","BARAUNI TPS","BIHAR STATE ELECTRICITY BOARD","STATE",210,20,0.7,0,3.41,3.41,5,"Critical",NA,NA
2009-02-27,"EASTERN","BIHAR","RAIL","MUZAFFARPUR TPS","KANTI BIJLEE UTPADAN NIGAM LTD.","CENTRAL",220,20,1.1,0,1.91,1.91,2,"Critical","Super Critical",NA
2009-02-27,"EASTERN","BIHAR","PITHEAD","KAHALGAON TPS","NTPC LIMITED.","CENTRAL",2340,15,38.4,0,20.51,20.51,1,"Critical","Super Critical",NA
2009-02-27,"EASTERN","JHARKHAND","RAIL","PATRATU TPS","JHARKHAND STATE ELECTRICITY BOARD","STATE",770,20,5,0,24.07,24.07,5,"Critical",NA,NA
2009-02-27,"EASTERN","JHARKHAND","ROAD","TENUGHAT TPS","TENUGHAT VIDYUT NIGAM LIMITED","STATE",420,20,6.1,0,0,0,0,"Critical","Super Critical",NA
2009-02-27,"EASTERN","JHARKHAND","RAIL","BOKARO `B` TPS","DAMODAR VALLEY CORPORATION","CENTRAL",630,20,9.5,0,158.91,158.91,17,NA,NA,NA
2009-02-27,"EASTERN","JHARKHAND","RAIL","CHANDRAPURA(DVC) TPS","DAMODAR VALLEY CORPORATION","CENTRAL",890,20,6.3,0,128.33,128.33,21,NA,NA,NA
2009-02-27,"EASTERN","ORISSA","PITHEAD","IB VALLEY TPS","ORISSA POWER GENERATION CORPORATION LIMITED","STATE",420,15,9.5,0,180.11,180.11,19,NA,NA,NA
2009-02-27,"EASTERN","ORISSA","PITHEAD","TALCHER (OLD) TPS","NTPC LIMITED.","CENTRAL",470,15,8.9,0,70,70,8,NA,NA,NA
2009-02-27,"EASTERN","ORISSA","PITHEAD","TALCHER STPS","NTPC LIMITED.","CENTRAL",3000,15,64.3,0,168.56,168.56,3,"Critical","Super Critical",NA
2009-02-27,"EASTERN","WEST BENGAL","RAIL","DURGAPUR TPS","DAMODAR VALLEY CORPORATION","CENTRAL",340,20,5.7,0,174.57,174.57,31,NA,NA,NA
2009-02-27,"EASTERN","WEST BENGAL","RAIL","MEJIA TPS","DAMODAR VALLEY CORPORATION","CENTRAL",2340,20,24.3,0,0,0,0,"Critical","Super Critical",NA
2009-02-27,"EASTERN","WEST BENGAL","RAIL","BAKRESWAR TPS","WEST BENGAL POWER DEVELOPMENT CORP. LIMITED","STATE",1050,25,12.5,0,262.31,262.31,21,NA,NA,NA
2009-02-27,"EASTERN","WEST BENGAL","RAIL","BANDEL TPS","WEST BENGAL POWER DEVELOPMENT CORP. LIMITED","STATE",450,20,5.7,0,3.59,3.59,1,"Critical","Super Critical",NA
2009-02-27,"EASTERN","WEST BENGAL","RAIL","D.P.L. TPS","DURGAPUR PROJECTS LIMITED","STATE",630,20,10.7,0,44.19,44.19,4,"Critical",NA,NA
2009-02-27,"EASTERN","WEST BENGAL","RAIL","KOLAGHAT TPS","WEST BENGAL POWER DEVELOPMENT CORP. LIMITED","STATE",1260,25,21.3,0,246.24,246.24,12,NA,NA,NA
2009-02-27,"EASTERN","WEST BENGAL","RAIL","SAGARDIGHI TPS","WEST BENGAL POWER DEVELOPMENT CORP. LIMITED","STATE",600,20,7.9,0,2.58,2.58,0,"Critical","Super Critical",NA
2009-02-27,"EASTERN","WEST BENGAL","RAIL","SANTALDIH TPS","WEST BENGAL POWER DEVELOPMENT CORP. LIMITED","STATE",980,20,8.2,0,119.63,119.63,15,NA,NA,NA
2009-02-27,"EASTERN","WEST BENGAL","RAIL","BUDGE BUDGE TPS","CALCUTTA ELECTRIC SUPPLY CO. LTD.","PRIVATE",750,20,7.9,0,118.54,118.54,15,NA,NA,NA
2009-02-27,"EASTERN","WEST BENGAL","RAIL","NEW COSSIPORE TPS","CALCUTTA ELECTRIC SUPPLY CO. LTD.","PRIVATE",160,20,1.4,0,21.77,21.77,15,NA,NA,NA
2009-02-27,"EASTERN","WEST BENGAL","RAIL","SOUTHERN REPL. TPS","CALCUTTA ELECTRIC SUPPLY CO. LTD.","PRIVATE",135,25,2.5,0,46.26,46.26,19,NA,NA,NA
2009-02-27,"EASTERN","WEST BENGAL","RAIL","TITAGARH TPS","CALCUTTA ELECTRIC SUPPLY CO. LTD.","PRIVATE",240,20,3.9,0,49.75,49.75,13,NA,NA,NA
2009-02-27,"EASTERN","WEST BENGAL","RAIL","FARAKKA STPS","NTPC LIMITED.","CENTRAL",2100,15,37.5,0,80.43,80.43,2,"Critical","Super Critical",NA
2009-02-28,"NORTHERN","DELHI","RAIL","I.P.  T.P.S.","INDRAPRASTHA  POWER GENERATION COMPANY LIMITED","STATE",247.5,25,3.4,0,43.82,43.82,13,NA,NA,NA
2009-02-28,"NORTHERN","DELHI","RAIL","RAJGHAT TPS","INDRAPRASTHA  POWER GENERATION COMPANY LIMITED","STATE",135,25,2.3,0,100.75,100.75,43,NA,NA,NA
2009-02-28,"NORTHERN","DELHI","RAIL","BADARPUR TPS","NTPC LIMITED.","CENTRAL",705,30,14.8,0,47.85,47.85,3,"Critical","Super Critical",NA
2009-02-28,"NORTHERN","HARYANA","RAIL","FARIDABAD TPS.","HARYANA POWER  GENERATION CORPORATION LIMITED","STATE",55,25,2.1,0,19.57,19.57,9,NA,NA,NA
2009-02-28,"NORTHERN","HARYANA","RAIL","PANIPAT TPS","HARYANA POWER  GENERATION CORPORATION LIMITED","STATE",1360,25,26.8,0,11.87,11.87,0,"Critical","Super Critical",NA
2009-02-28,"NORTHERN","HARYANA","RAIL","YAMUNA NAGAR TPS","HARYANA POWER  GENERATION CORPORATION LIMITED","STATE",600,25,10.7,0,39.12,39.12,4,"Critical",NA,NA
2009-02-28,"NORTHERN","PUNJAB","RAIL","GH TPS (LEH.MOH.)","PUNJAB STATE POWER CORP. LTD.","STATE",920,30,15.5,0,43.78,43.78,3,"Critical","Super Critical",NA
2009-02-28,"NORTHERN","PUNJAB","RAIL","GND TPS(BHATINDA)","PUNJAB STATE POWER CORP. LTD.","STATE",440,30,7,0,82.49,82.49,12,NA,NA,NA
2009-02-28,"NORTHERN","PUNJAB","RAIL","ROPAR TPS","PUNJAB STATE POWER CORP. LTD.","STATE",1260,30,22.1,0,108.95,108.95,5,"Critical",NA,NA
2009-02-28,"NORTHERN","RAJASTHAN","RAIL","KOTA TPS","RAJASTHAN RAJYA VIDYUT UTPADAN NIGAM LIMITED","STATE",1240,30,21.6,6.97,190.17,197.14,9,NA,NA,NA
2009-02-28,"NORTHERN","RAJASTHAN","RAIL","SURATGARH TPS","RAJASTHAN RAJYA VIDYUT UTPADAN NIGAM LIMITED","STATE",1500,30,27,0,122.55,122.55,5,"Critical",NA,NA
2009-02-28,"NORTHERN","UTTAR PRADESH","PITHEAD","ANPARA TPS","UTTAR PRADESH RAJYA VIDYUT UTPADAN NIGAM LIMITED","STATE",1630,15,28.6,0,160.4,160.4,6,"Critical",NA,NA
2009-02-28,"NORTHERN","UTTAR PRADESH","RAIL","HARDUAGANJ TPS","UTTAR PRADESH RAJYA VIDYUT UTPADAN NIGAM LIMITED","STATE",665,25,3.2,0,13.2,13.2,4,"Critical",NA,NA
2009-02-28,"NORTHERN","UTTAR PRADESH","RAIL","OBRA TPS","UTTAR PRADESH RAJYA VIDYUT UTPADAN NIGAM LIMITED","STATE",1278,20,16.1,0,206.04,206.04,13,NA,NA,NA
2009-02-28,"NORTHERN","UTTAR PRADESH","RAIL","PANKI TPS","UTTAR PRADESH RAJYA VIDYUT UTPADAN NIGAM LIMITED","STATE",210,30,4.3,0,13.18,13.18,3,"Critical","Super Critical",NA
2009-02-28,"NORTHERN","UTTAR PRADESH","RAIL","PARICHHA TPS","UTTAR PRADESH RAJYA VIDYUT UTPADAN NIGAM LIMITED","STATE",1140,30,12.5,0,41.52,41.52,3,"Critical","Super Critical",NA
2009-02-28,"NORTHERN","UTTAR PRADESH","RAIL","DADRI (NCTPP)","NTPC LIMITED.","CENTRAL",1820,30,16.1,0,198.52,198.52,12,NA,NA,NA
2009-02-28,"NORTHERN","UTTAR PRADESH","PITHEAD","RIHAND STPS","NTPC LIMITED.","CENTRAL",3000,15,38.2,0,530.77,530.77,14,NA,NA,NA
2009-02-28,"NORTHERN","UTTAR PRADESH","PITHEAD","SINGRAULI STPS","NTPC LIMITED.","CENTRAL",2000,15,34.3,0,402.63,402.63,12,NA,NA,NA
2009-02-28,"NORTHERN","UTTAR PRADESH","RAIL","TANDA TPS","NTPC LIMITED.","CENTRAL",440,25,8.9,0,157.65,157.65,18,NA,NA,NA
2009-02-28,"NORTHERN","UTTAR PRADESH","RAIL","UNCHAHAR TPS","NTPC LIMITED.","CENTRAL",1050,25,21.4,0,148.21,148.21,7,NA,NA,NA
2009-02-28,"WESTERN","CHHATTISGARH","RAIL","DSPM TPS","CHHATTISGARH STATE POWER GENERATION CO. LTD.","STATE",500,15,9.6,0,97.28,97.28,10,NA,NA,NA
2009-02-28,"WESTERN","CHHATTISGARH","PITHEAD","KORBA-II","CHHATTISGARH STATE POWER GENERATION CO. LTD.","STATE",440,15,8.6,0,65.32,65.32,8,NA,NA,NA
2009-02-28,"WESTERN","CHHATTISGARH","PITHEAD","KORBA-WEST TPS","CHHATTISGARH STATE POWER GENERATION CO. LTD.","STATE",1340,15,13.2,0,268.11,268.11,20,NA,NA,NA
2009-02-28,"WESTERN","CHHATTISGARH","PITHEAD","KORBA STPS","NTPC LIMITED.","CENTRAL",2600,15,34.3,0,441.25,441.25,13,NA,NA,NA
2009-02-28,"WESTERN","CHHATTISGARH","RAIL","SIPAT STPS","NTPC LIMITED.","CENTRAL",2980,20,16.8,0,31.24,31.24,2,"Critical","Super Critical",NA
2009-02-28,"WESTERN","GUJARAT","RAIL","GANDHI NAGAR TPS","GUJARAT STATE ELECTRICITY CORPORATION LIMITED","STATE",870,30,13.6,0.1,50.36,50.46,4,"Critical",NA,NA
2009-02-28,"WESTERN","GUJARAT","RAIL","SIKKA REP. TPS","GUJARAT STATE ELECTRICITY CORPORATION LIMITED","STATE",240,30,4.6,9.46,6.94,16.4,4,"Critical",NA,NA
2009-02-28,"WESTERN","GUJARAT","RAIL","UKAI TPS","GUJARAT STATE ELECTRICITY CORPORATION LIMITED","STATE",1350,30,13.9,0,90.02,90.02,6,"Critical",NA,NA
2009-02-28,"WESTERN","GUJARAT","RAIL","WANAKBORI TPS","GUJARAT STATE ELECTRICITY CORPORATION LIMITED","STATE",1470,30,25.7,0,41.32,41.32,2,"Critical","Super Critical",NA
2009-02-28,"WESTERN","GUJARAT","RAIL","SABARMATI (C STATION)","TORRENT POWER LTD","PRIVATE",400,30,4.6,0,0.79,0.79,0,"Critical","Super Critical",NA
2009-02-28,"WESTERN","MADHYA PRADESH","PITHEAD","AMAR KANTAK","M. P. POWER GENERATING CORPORATION LIMITED","STATE",490,15,6.3,0,95.61,95.61,15,NA,NA,NA
2009-02-28,"WESTERN","MADHYA PRADESH","RAIL","SANJAY GANDHI TPS","M. P. POWER GENERATING CORPORATION LIMITED","STATE",1340,20,19.6,0,93.75,93.75,5,"Critical",NA,NA
2009-02-28,"WESTERN","MADHYA PRADESH","RAIL","SATPURA TPS","M. P. POWER GENERATING CORPORATION LIMITED","STATE",1330,20,22.5,0,49.84,49.84,2,"Critical","Super Critical",NA
2009-02-28,"WESTERN","MADHYA PRADESH","PITHEAD","VINDHYACHAL STPS","NTPC LIMITED.","CENTRAL",4260,15,55.4,0,403.32,403.32,7,NA,NA,NA
2009-02-28,"WESTERN","MAHARASHTRA","RAIL","BHUSAWAL TPS","MAHARASHTRA STATE POWER GENERATION COMPANY LIMITED","STATE",1420,25,8.4,0,46.12,46.12,5,"Critical",NA,NA
2009-02-28,"WESTERN","MAHARASHTRA","RAIL","CHANDRAPUR(MAHARASHTRA) STPS","MAHARASHTRA STATE POWER GENERATION COMPANY LIMITED","STATE",2340,20,38.2,0,59.28,59.28,2,"Critical","Super Critical",NA
2009-02-28,"WESTERN","MAHARASHTRA","RAIL","KHAPARKHEDA TPS","MAHARASHTRA STATE POWER GENERATION COMPANY LIMITED","STATE",1340,20,15.9,0,78.37,78.37,5,"Critical",NA,NA
2009-02-28,"WESTERN","MAHARASHTRA","RAIL","KORADI TPS","MAHARASHTRA STATE POWER GENERATION COMPANY LIMITED","STATE",1040,25,19.8,0,47.93,47.93,2,"Critical","Super Critical",NA
2009-02-28,"WESTERN","MAHARASHTRA","RAIL","NASIK TPS","MAHARASHTRA STATE POWER GENERATION COMPANY LIMITED","STATE",630,25,15.5,0,14.37,14.37,1,"Critical","Super Critical",NA
2009-02-28,"WESTERN","MAHARASHTRA","RAIL","PARLI TPS","MAHARASHTRA STATE POWER GENERATION COMPANY LIMITED","STATE",1130,25,16.1,0,95.71,95.71,6,"Critical",NA,NA
2009-02-28,"WESTERN","MAHARASHTRA","RAIL","PARAS TPS","MAHARASHTRA STATE POWER GENERATION COMPANY LIMITED","STATE",500,20,6.3,0,25.61,25.61,4,"Critical",NA,NA
2009-02-28,"WESTERN","MAHARASHTRA","RAIL","DAHANU TPS","RELIANCE INFRASTRUCTURE LTD.","PRIVATE",500,25,10.4,37.47,44.65,82.12,8,NA,NA,NA
2009-02-28,"SOUTHERN","ANDHRA PRADESH","RAIL","Dr. N.TATA RAO TPS","ANDHRA PRADESH POWER GENERATION CORP. LIMITED.","STATE",1760,25,22,0,71.24,71.24,3,"Critical","Super Critical",NA
2009-02-28,"SOUTHERN","ANDHRA PRADESH","RAIL","KOTHAGUDEM TPS","ANDHRA PRADESH POWER GENERATION CORP. LIMITED.","STATE",1720,20,21.4,0,158.3,158.3,7,NA,NA,NA
2009-02-28,"SOUTHERN","ANDHRA PRADESH","ROAD","RAMAGUNDEM - B TPS","ANDHRA PRADESH POWER GENERATION CORP. LIMITED.","STATE",62.5,20,0.9,0,19.38,19.38,22,NA,NA,NA
2009-02-28,"SOUTHERN","ANDHRA PRADESH","RAIL","RAYALASEEMA TPS","ANDHRA PRADESH POWER GENERATION CORP. LIMITED.","STATE",1050,25,16.9,0,24.5,24.5,1,"Critical","Super Critical",NA
2009-02-28,"SOUTHERN","ANDHRA PRADESH","PITHEAD","RAMAGUNDEM STPS","NTPC LIMITED.","CENTRAL",2600,15,42,0,558.72,558.72,13,NA,NA,NA
2009-02-28,"SOUTHERN","ANDHRA PRADESH","RAIL","SIMHADRI","NTPC LIMITED.","CENTRAL",2000,25,20.7,0,270.91,270.91,13,NA,NA,NA
2009-02-28,"SOUTHERN","KARNATAKA","RAIL","RAICHUR TPS","KARNATAKA POWER CORPORATION LIMITED","STATE",1720,30,31,0,471.3,471.3,15,NA,NA,NA
2009-02-28,"SOUTHERN","TAMIL NADU","INTER MODAL","ENNORE TPS","TAMIL NADU GENERATION & DISTRIBUTION CORP. LTD.","STATE",450,30,8.2,0,44.25,44.25,5,"Critical",NA,NA
2009-02-28,"SOUTHERN","TAMIL NADU","INTER MODAL","METTUR TPS","TAMIL NADU GENERATION & DISTRIBUTION CORP. LTD.","STATE",1440,30,15.1,55.79,72.79,128.58,9,NA,NA,NA
2009-02-28,"SOUTHERN","TAMIL NADU","INTER MODAL","NORTH CHENNAI TPS","TAMIL NADU GENERATION & DISTRIBUTION CORP. LTD.","STATE",1830,30,11.2,32.13,53.57,85.7,8,NA,NA,NA
2009-02-28,"SOUTHERN","TAMIL NADU","INTER MODAL","TUTICORIN TPS","TAMIL NADU GENERATION & DISTRIBUTION CORP. LTD.","STATE",1050,30,18.7,18.78,133.46,152.24,8,NA,NA,NA
2009-02-28,"EASTERN","BIHAR","RAIL","BARAUNI TPS","BIHAR STATE ELECTRICITY BOARD","STATE",210,20,0.7,0,1.4,1.4,2,"Critical","Super Critical",NA
2009-02-28,"EASTERN","BIHAR","RAIL","MUZAFFARPUR TPS","KANTI BIJLEE UTPADAN NIGAM LTD.","CENTRAL",220,20,1.1,0,1.91,1.91,2,"Critical","Super Critical",NA
2009-02-28,"EASTERN","BIHAR","PITHEAD","KAHALGAON TPS","NTPC LIMITED.","CENTRAL",2340,15,38.4,0,25.15,25.15,1,"Critical","Super Critical",NA
2009-02-28,"EASTERN","JHARKHAND","RAIL","PATRATU TPS","JHARKHAND STATE ELECTRICITY BOARD","STATE",770,20,5,0,21.26,21.26,4,"Critical",NA,NA
2009-02-28,"EASTERN","JHARKHAND","ROAD","TENUGHAT TPS","TENUGHAT VIDYUT NIGAM LIMITED","STATE",420,20,6.1,0,0,0,0,"Critical","Super Critical",NA
2009-02-28,"EASTERN","JHARKHAND","RAIL","BOKARO `B` TPS","DAMODAR VALLEY CORPORATION","CENTRAL",630,20,9.5,0,158.35,158.35,17,NA,NA,NA
2009-02-28,"EASTERN","JHARKHAND","RAIL","CHANDRAPURA(DVC) TPS","DAMODAR VALLEY CORPORATION","CENTRAL",890,20,6.3,0,126.15,126.15,20,NA,NA,NA
2009-02-28,"EASTERN","ORISSA","PITHEAD","IB VALLEY TPS","ORISSA POWER GENERATION CORPORATION LIMITED","STATE",420,15,9.5,0,178.2,178.2,19,NA,NA,NA
2009-02-28,"EASTERN","ORISSA","PITHEAD","TALCHER (OLD) TPS","NTPC LIMITED.","CENTRAL",470,15,8.9,0,69.91,69.91,8,NA,NA,NA
2009-02-28,"EASTERN","ORISSA","PITHEAD","TALCHER STPS","NTPC LIMITED.","CENTRAL",3000,15,64.3,0,175.52,175.52,3,"Critical","Super Critical",NA
2009-02-28,"EASTERN","WEST BENGAL","RAIL","DURGAPUR TPS","DAMODAR VALLEY CORPORATION","CENTRAL",340,20,5.7,0,168.68,168.68,30,NA,NA,NA
2009-02-28,"EASTERN","WEST BENGAL","RAIL","MEJIA TPS","DAMODAR VALLEY CORPORATION","CENTRAL",2340,20,24.3,0,0,0,0,"Critical","Super Critical",NA
2009-02-28,"EASTERN","WEST BENGAL","RAIL","BAKRESWAR TPS","WEST BENGAL POWER DEVELOPMENT CORP. LIMITED","STATE",1050,25,12.5,0,269.94,269.94,22,NA,NA,NA
2009-02-28,"EASTERN","WEST BENGAL","RAIL","BANDEL TPS","WEST BENGAL POWER DEVELOPMENT CORP. LIMITED","STATE",450,20,5.7,0,1.93,1.93,0,"Critical","Super Critical",NA
2009-02-28,"EASTERN","WEST BENGAL","RAIL","D.P.L. TPS","DURGAPUR PROJECTS LIMITED","STATE",630,20,10.7,0,47.25,47.25,4,"Critical",NA,NA
2009-02-28,"EASTERN","WEST BENGAL","RAIL","KOLAGHAT TPS","WEST BENGAL POWER DEVELOPMENT CORP. LIMITED","STATE",1260,25,21.3,0,242.3,242.3,11,NA,NA,NA
2009-02-28,"EASTERN","WEST BENGAL","RAIL","SAGARDIGHI TPS","WEST BENGAL POWER DEVELOPMENT CORP. LIMITED","STATE",600,20,7.9,0,2.8,2.8,0,"Critical","Super Critical",NA
2009-02-28,"EASTERN","WEST BENGAL","RAIL","SANTALDIH TPS","WEST BENGAL POWER DEVELOPMENT CORP. LIMITED","STATE",980,20,8.2,0,121.94,121.94,15,NA,NA,NA
2009-02-28,"EASTERN","WEST BENGAL","RAIL","BUDGE BUDGE TPS","CALCUTTA ELECTRIC SUPPLY CO. LTD.","PRIVATE",750,20,7.9,0,119.36,119.36,15,NA,NA,NA
2009-02-28,"EASTERN","WEST BENGAL","RAIL","NEW COSSIPORE TPS","CALCUTTA ELECTRIC SUPPLY CO. LTD.","PRIVATE",160,20,1.4,0,20.01,20.01,14,NA,NA,NA
2009-02-28,"EASTERN","WEST BENGAL","RAIL","SOUTHERN REPL. TPS","CALCUTTA ELECTRIC SUPPLY CO. LTD.","PRIVATE",135,25,2.5,0,43.96,43.96,18,NA,NA,NA
2009-02-28,"EASTERN","WEST BENGAL","RAIL","TITAGARH TPS","CALCUTTA ELECTRIC SUPPLY CO. LTD.","PRIVATE",240,20,3.9,0,53.21,53.21,14,NA,NA,NA
2009-02-28,"EASTERN","WEST BENGAL","RAIL","FARAKKA STPS","NTPC LIMITED.","CENTRAL",2100,15,37.5,0,80.43,80.43,2,"Critical","Super Critical",NA
